run:
0th iteration --> Error: 4749.688%
5000th iteration --> Error: 441.336%
10000th iteration --> Error: 51.883%
15000th iteration --> Error: 51.623%
20000th iteration --> Error: 38.307%

Final Sturcture For Neural Network 

Layer 0: 
Neuron 0
Weights: -2.562091595919202, 0.7234428871157422, 0.951459501562674, 0.26553059936251083, 0.9702932272064545, 0.09476128046881666, 0.502975212773359, 0.9462983751437405, 0.6066441543076492, 0.8119240692610338, 0.385281139070801, 0.8461888433296069, 0.4296356801181402, 0.04787797304593433, 0.13521159824691156, 1.6137548416494385, 2.8607426702516143, 0.555159763382525, 0.0582131466903243, 0.9074068500320768, 0.953260931007457, -8.864633652600299, 0.32446114237944507, 0.3170001631398048, -2.6600593176592486, 0.08970512900279747, 0.4539836257143666
Neuron 1
Weights: 0.5864557534750966, 0.5583541454487944, 0.6274435037680322, 0.497114450029716, 0.6628936970578828, 0.6141399936988857, 0.6620874215027052, 0.6134217370184358, 0.7287197091695593, 0.1820848753967328, 0.7961831970970935, 0.145892025461007, 0.6270428753341224, 0.3878506579847891, 0.32994769875625435, 0.32952990950967637, 0.8403825004810547, 0.14105862862188345, 0.18062558481411028, 0.12773234040665693, 0.7262682130887129, 0.6974900197459685, 0.33452431365315854, 0.5936461282036941, 0.721789776199757, 0.4712189281550075, 0.36860006220882185
Neuron 2
Weights: 0.5836453956275157, 0.9490110428803932, 0.1509071546907702, 0.5638411499734569, 0.6120227438665341, 0.15414077141490612, 0.2770299665261353, 0.39929840285197876, 0.12915077916048767, 0.19557800241832846, 0.5705904603632289, 0.7634625032627155, 0.5297853100222172, 0.3594273565776462, 0.46891961736693194, 0.048790559319583204, 0.7538453500062802, 0.6258057506693233, 0.5204478141710566, 0.40553542808334836, 0.42891934656362224, 0.6352385730980102, 0.5178732024363089, 0.8226327292072871, 0.12191071490027972, 0.5116697720162046, 0.5079406229254365
Neuron 3
Weights: -2.7215694897102427, 1.3253868836832563, 2.4351376547762693, -1.5389538973830457, 1.3098326227794557, -0.18734841766403584, -1.920803844414497, 1.9388537900399145, 1.5420516875199761, 1.2776386356558236, -3.0600431116535876, 1.60680516140485, 1.6390099232504982, 1.2881639744155367, 2.4012318515021787, -2.3916694941735, 2.2469322241284533, 1.5182981284532782, 2.065591050949582, -2.0718692938469814, -1.534751436109875, -0.6305810652276138, 1.6785231393292683, -0.010807102987695784, -0.7635488709081882, 1.0506879803818447, 0.6248010579914024
Neuron 4
Weights: 5.813375147113516, 0.2552539199680399, 0.6483056294353144, -2.303680880261183, 0.7758919880112, 0.47517662520334997, -1.076911759444947, 1.6781708090289713, 0.3122125995538434, 0.2253063960231424, 0.5555258084794295, 0.5882520732336669, 0.6536987684177823, 0.24969421700746555, 0.4851376659084848, 0.8137028478175382, 2.3651414380474245, 0.7497249209403073, 0.43856319564259183, 0.9902668357951662, 0.3239508664796431, 6.420030825143736, 0.764077888433595, 0.09822157496757593, 0.3000331124835291, 0.3966210009728354, 0.47293401860608497
Neuron 5
Weights: -0.34965327228229426, 0.9544131379219906, -2.372525341274368, 0.46701822790768305, 1.1014532385363747, 1.1287914726372557, 1.0133219818266423, -0.06563861046505946, 0.9625305541767996, -0.009592603047489216, 1.3327486706068372, 0.9602695447286465, 1.6438721853260894, 1.178626852038543, 0.7701755779774411, 2.1457746945785363, 2.0446043123739326, -1.3083679458881305, 1.4081419323461326, 1.6223686568212476, 0.9449026626501756, -2.2219875764074595, -1.2555009349714652, 1.5164689203291757, -1.3825245331258078, 1.2903460077854039, 1.0144482975491917
Neuron 6
Weights: 0.34412975482273517, 0.46922309611489327, 0.30076917826617316, 0.7626003742821216, 0.5683424480984063, 0.057000001481210094, 0.197821795161508, 0.23559440536155793, 0.3017628357051312, 0.23637586343576714, 0.6936707968067112, 0.5778851469309666, 0.5540881624065443, 0.442420281034936, 0.8755658452248953, 0.32649554655423607, 0.22270943189429548, 0.7107065803058735, 0.30385441989693285, 0.5645044019893469, 0.1682802140371752, 0.25541265380698613, 0.33851233640943224, 0.31229237624879896, 0.5731002487393565, 0.7493424784899299, 0.0838317150051413
Neuron 7
Weights: 1.2647031276832246, 0.10491109596522485, 1.3934490269905988, -0.13264209800326746, 1.1958068530957746, 1.2595512924800312, 1.7079189485705053, -4.0137215935537744, 1.262212317552106, 1.1426238743630786, 0.655005995680051, -0.7989646655308958, 0.79340682894789, 1.0597202469898679, 1.416531562959477, 1.7282123764051853, -0.5568597818658675, -1.5520213830792782, 1.9356788707625954, 1.8964533408250046, 1.6019153035463949, 1.3167773030901768, 0.20665279766195296, 0.6310928033209109, 0.23845173172891118, 0.2713811849360495, 0.9833399657870229
Neuron 8
Weights: 2.2396698726879216, 0.0910599063254573, 0.34846848053724583, -0.057726132063369885, 0.3398750912970917, 0.9794915966153256, -2.0388394900049316, 0.7058782116292529, 0.07264832880414769, 0.5692663795742141, 0.1660909774280989, 0.44350366071110076, 0.931316493160847, 0.15533172214287297, 0.7297867187954533, 0.897377126326446, -13.1287890956155, 0.05054250872829309, 0.9295586567176698, 0.15381171974002691, 0.4933538240513572, 3.070258845329352, 0.8963794863489881, 0.609613204641446, -0.09262560315761804, 0.6212807071958393, 0.2933639809742291
Neuron 9
Weights: 0.7358028042204222, 0.21196785384799566, 0.8372675450542139, 0.08399664411389673, 0.8727607143213146, 0.6096084569799193, 0.40836253193709915, 0.029366096637977734, 0.7857182480139658, 0.18007094103349297, 0.3568500246230127, 0.6175775423055146, 0.49394188984310944, 0.13748878378255436, 0.7949093710993055, 0.6548814266269507, 0.4480482916505793, 0.12482627348393871, 0.15906508739918124, 0.8021410915058426, 0.476044068059648, 0.09783161784063976, 0.1327632142363555, 0.9279560708654041, 0.0442013874835564, 0.24572656811013613, 0.4716888013146443
Neuron 10
Weights: -4.428519765073697, 0.2861717421396051, 0.25873155170579226, -0.3259085683845675, 0.027183799736225697, 0.9421816395543009, 5.677972126393221, 0.45420556342684476, 0.25019172276032364, 0.8200609757712272, 0.800982411778275, 0.24623142310345478, 0.48194791554159305, 0.6402900011605803, 0.2617632802517658, 0.9146853726272292, 5.858417086077846, 0.16114908000903785, 0.7006124830541448, 0.980663866659329, 0.16954570745544936, 5.8916336725152325, 0.34085262025179697, 0.18293735476768977, 0.7772114351209237, 0.47786949976546816, 0.6420158399130805
Neuron 11
Weights: -7.095469151859652, 0.9458442719747018, 0.1133876487716354, -0.04101080814845299, 0.17498176864997791, 0.0049192555443164435, -6.482506767162009, 0.21611776506197747, 0.7661667694070824, 0.7255628827256064, 0.4845008160157889, 0.715002606392109, 0.9349694410832763, 0.8724877250686054, 0.6497650786538807, 0.4130985471821066, 4.103444870589553, 0.08284344078158824, 1.4093832110255442, 0.7515856544562453, 0.18620162093484696, 5.0251178148325115, 1.4686838652183192, 0.6199065730154923, 0.6084415522914962, 0.6593420819460496, 0.8833100975985076
Neuron 12
Weights: 1.2239081887070549, 0.6699792409529599, 0.8995308517704589, -0.6048417419671751, 0.937104503197637, 0.9246272414971627, -0.10527747937292654, 3.0518795336520097, 1.0199420782329376, 0.7877295093418626, 1.9415558565639712, 0.9033606179138386, -3.444264004712018, 1.1053582760890597, 0.9177316354835839, -0.5759730519439428, -2.4021032145079517, 1.9488767386401593, 1.7437886024504363, 2.434912229378753, 1.4952124509172793, -1.3303443277194906, 2.200393702130036, 0.31187466819400494, 1.045530452417417, 1.033610958897774, 0.4851068124924947
Neuron 13
Weights: 6.394956813851969, 0.520005917890662, 0.5965301577446269, 2.7604758793912776, 0.26150293479569287, 0.3993171372773636, -2.7606620519183163, 0.7462143584239982, 0.3268402387648248, 0.9349167128340206, 0.39940461969855634, 0.8626199179857191, 0.2685007693488896, 0.8715877336351462, 0.7538756231268534, 0.5183290977187857, -10.65749424248907, 0.15360792783253394, 0.6153770590235733, 0.33358601861483733, 0.10777661326315513, 1.4642287109414027, 0.9693253038606416, 0.04264841393007056, 0.033983658571322316, 0.7435387768611238, 0.46061835266502116
Neuron 14
Weights: 2.0326963169139134, 0.7774019562287481, -0.3870637949305071, -0.013876134009543972, 1.0169633053424052, 1.3864830641022594, -0.8657940985571804, 2.0344360455027903, -0.19650576272930564, 0.7718018821496101, 1.0311755863522813, 0.49646867555886104, 1.3563232015525573, 1.1436016602727612, -0.9349689988917078, -0.3714738023904212, 1.4919174263891066, 0.6947309824787232, -4.267701135784471, -1.0454704269930888, 1.0334980252790773, 2.739854868616653, -2.0801703828406883, 1.2298242872011336, 2.403840524528992, 0.5775091016116248, 0.34036573689823685
Neuron 15
Weights: 0.2278180495752229, 0.1155445379504082, 0.4377794066480845, 0.9020929670871523, 0.6001664191606474, 0.5339644302285801, 0.9348090556573964, 0.9112470379527818, 0.07586237236448112, 0.8939511263366732, 0.0625975157833053, 0.70344688257284, 0.22323130723045106, 0.8653241695909496, 0.29283608457027244, 0.07008047421765828, 0.387198338221842, 0.7308485459469414, 0.9306943884130279, 0.0906512097996669, 0.918177110651044, 0.062333003933303543, 0.10449381255200718, 0.29990463767765796, 0.7521863653561215, 0.4187097241928735, 0.3353836641543673
Neuron 16
Weights: 0.562376530355678, 0.2687383822091358, 0.30635993297346453, 0.9929588341732244, 0.9810527398130348, 0.05714520583885685, 0.07261494256681233, 0.6624843897437395, 0.2381208910757493, 0.20723981998662475, 0.36527490279042674, 0.9503685863213595, 0.8683326100905965, 0.0071112908744361825, 0.2841530444166189, 0.5367530853388719, 0.09928412020557609, 0.4783041676570838, 0.3750660831623129, 0.3475651060529525, 0.05796196233957751, 0.00803428664709116, 0.1723561869095812, 0.5631031391474903, 0.33919031051802095, 0.44832436854823593, 0.08294377721885016
Neuron 17
Weights: 1.6470670005899994, 0.159228527544689, 0.8646362002951147, 0.9639141952823939, 0.2602623363078213, 0.5759529297614007, 5.864486104542855, 0.3749055166392608, 0.6557539613113742, 0.5493028101523565, 0.6315900507756165, 0.4582349958903933, 0.034606917928968486, 0.9321671045358912, 0.868136683081897, 0.10816999985014975, 1.1868566848553859, 0.9606227618492171, 0.9956752208726396, 0.32626371292718115, 0.2914161364724958, -2.772413505471253, 0.26421666296895635, 0.7029624789075659, 1.992729438451166, 0.9433326521949145, 0.23660479390268213
Neuron 18
Weights: 1.0539175898074975, 0.032281607526323315, 0.8416873301591217, 1.2970458720237241, 0.8297738001832559, 0.7124360170810133, 2.955928989928814, 0.5389274396238123, 0.06017503121550094, 0.5346651242732109, 0.841808567057721, 0.8359494972110698, 0.23896842925146886, 0.045179443854096384, 0.4563354036195935, 0.09837564624843341, 8.079633038364399, 0.9631651079579554, 0.6440655186236316, 0.13135158618007312, 0.6606632086922871, -3.2638329947602815, 0.29472135805926974, 0.5042089872283634, 0.6908510916345221, 0.006864761447849559, 0.1978358834587071
Neuron 19
Weights: 0.1982807278056231, 0.13781410297266694, 0.1957158007455715, 0.6176166063246812, 0.7624852146477129, 0.284487823472317, 0.8978492355859194, 0.35533563281845654, 0.36163975649295305, 0.35161241158351997, 0.49107350538374567, 0.4125157101219505, 0.9955891709983921, 0.6353188037407903, 0.39694467423141444, 0.12828129128609056, 0.338394997562508, 0.7563621975265776, 0.55708642603058, 0.4529378954577296, 0.10195460398515965, 0.3925739181453149, 0.6051250161798382, 0.8419083375656972, 0.5634395806579767, 0.5897827263433446, 0.659245779341063
Neuron 20
Weights: 0.10644933609522211, 0.9125899472044717, 0.9881498650859389, 0.6926772582212327, 0.4413939057813226, 0.372751781642662, 0.0752765909086035, 0.2528854641147444, 0.7652040230181419, 0.628648243674121, 0.8831070701444456, 0.8949871386807312, 0.45390691528377397, 0.9542245170716965, 0.38256301236707846, 0.0708677392260737, 0.5280277318780701, 0.5755098603490981, 0.19801130483837937, 0.3727162629532479, 0.3604199457586254, 0.22629031920539577, 0.16307917757671053, 0.9681656744686703, 0.012934373574563618, 0.558488650930591, 0.6699962279101421
Neuron 21
Weights: 0.7839541582969288, 0.3811564248019328, 0.054497828581913876, 0.7265558666092121, 0.49599899713359763, 0.4289804571840831, 0.3553179858285484, 0.12795370806147988, 0.6660017559082, 0.9285791198126735, 0.4661963366309827, 0.1751737020896631, 0.4281793201170609, 0.28636438165571837, 0.13057281854378122, 0.9272575539726285, 0.9744425934102976, 0.23182664503196723, 0.7734844376986435, 0.06170626647523891, 0.7123211136072866, 0.3736765313589341, 0.8071839316585453, 0.03542748816470842, 0.3771576173799289, 0.8865038042147466, 0.7645790323921088
Neuron 22
Weights: 0.3880560539763782, 0.5685746818174823, 0.8812064672182273, 0.6802008669777044, 0.7101388638847546, 0.15094025902355168, 0.33373217429012453, 0.373761106693107, 0.010590002409384347, 0.7085373056489538, 0.7992135535983617, 0.8079595116460637, 0.9609853564527483, 0.7783677892877979, 0.5223673390919946, 0.4900543424843438, 0.7686805493320285, 0.8969989245099966, 0.9700672456198501, 0.9658107926299112, 0.23639994198552317, 0.5925853657452054, 0.258288694228375, 0.8147928572775535, 0.9028582648471452, 0.32917842131708563, 0.4231630864957045
Neuron 23
Weights: 0.19756668235635122, 0.027140970253815455, 0.06765874028688057, 0.9946683737320622, 0.9282344640638972, 0.5789828622425675, 0.54610704036617, 0.8715211089557009, 0.2498196028200219, 0.327749441799456, 0.6021523007335771, 0.06712545052910424, 0.9753754883048787, 0.5848383482797405, 0.8608149499465388, 0.49897228056725, 0.4242917662269066, 0.14738370747310903, 0.8935881844288155, 0.6276715515857226, 0.6311235553362585, 0.5155588088255573, 0.5179772186147433, 0.41683987328363165, 0.6333705171330882, 0.511437856981742, 0.25144333809120395
Neuron 24
Weights: 0.7813542111335544, 0.25498452676417105, 0.014290897113567458, 0.05967559698064384, 0.4190216130955244, 0.6939858639708688, 0.6453500071556567, 0.44634003102158676, 0.6795044381099644, 0.39541978305909703, 0.8844995873843188, 0.619932291966689, 0.9143788419160729, 0.14498664489971713, 0.28200682357948853, 0.9430868375032128, 0.5734941879139486, 0.05403033640069399, 0.14032306002530914, 0.12067183481984989, 0.1653392106771021, 0.12317150842387914, 0.2841505533522301, 0.6152256476446155, 0.0829107138032823, 0.3697235909995272, 0.31138328841089574
Neuron 25
Weights: 0.5917675651134423, 0.21161893460104195, 0.08313078863567058, 0.02319458224572013, 0.28874155114003835, 0.18205334647239735, 0.6330195255213465, 0.5684582606178531, 0.08782880966651863, 0.10797098806513661, 0.3960557311977695, 0.20585408459929755, 0.7125913096592953, 0.6586595504767784, 0.7906521222905346, 0.4864225477779653, 0.9243848837372896, 0.3548653072754153, 0.11267138089151896, 0.08999778667064173, 0.8037071952866751, 0.048766007209033124, 0.8506225124245647, 0.5108618616707022, 0.20612255221180598, 0.6510074452222133, 0.42544908765566575
Neuron 26
Weights: -2.2229716442312566, 1.8223542944911053, 1.0497377191612725, -1.612573416877572, 2.6899453780432205, 2.462972176793936, -2.783103974711866, 0.833231293771714, 2.508927264046444, 2.7012003308017434, 0.794191734660394, 1.320029452993817, 0.11022921087481664, 2.686241839027239, 1.3413406029255077, -0.7915782397510218, -1.677845646335662, 0.35575035225254625, 2.032658128469792, 0.19778240739618475, 1.650174475708304, -0.08727369318094458, 0.5040985271165218, 2.306024788901023, -3.920165324658406, 2.627180572444482, 1.9990935804505892

Layer 1: 
Neuron 0
Weights: 0.31176080678276247, 0.5179503744184086, 0.972937879460429, -0.04814022773851992, 0.5410365532361358, 0.9878514556194898, -0.00770390928407425, 2.0623766755348494, 0.4921400204016625, 0.0050238036512595475, 0.9790665794054475, 0.894730092980353, 0.03220584496118046, 0.5709954157908441, 0.5753040199532743, 1.160904666075448, -0.15801230234568356, 0.7400651211341427, 1.4000082009943393, 0.9064235892373186, 0.598609310180499, 0.45717328112449934, 1.0490552182816573, 0.8371795901550996, 8.869736555036605, 0.41651477482158117, 0.8914900912180336
Neuron 1
Weights: 0.5229423445559839, 0.9967491805560396, 1.14721855062205, 0.7836539959113975, 0.9333414593622569, 0.3771081159919901, -0.04898066362557975, 2.30283940395029, 0.4859336823242141, 0.7054795478942333, 0.23096432887944177, 0.8294679888364571, 0.1612512746986671, 0.858559244469316, 0.5942620345264361, 0.9823990621376183, 0.768300071846372, 0.18113674186582018, 1.4140169028957639, 0.3461789539373652, 0.9910072182747058, -0.42402553917751046, 0.9310127201551212, 0.73392776985158, 8.371363291143647, 0.9673262615398845, 0.6240787837029489
Neuron 2
Weights: 0.796865785130152, 0.7331554206267448, 0.48284844697290374, -0.11957582766436164, 0.35205002628823223, 0.9874933229704991, 0.10944317453893614, 1.657233001441149, 0.39088845872571143, 0.46538297773332765, 0.23488034957952544, 0.4828026900716461, 0.7234756072001377, 0.8526720345734913, 0.8232952786846793, 1.0008075191434382, 0.10955148159468206, 0.4299748578996029, 1.5164832773996333, 1.1251601037949601, 0.39110627782040047, 0.2699085819697499, 1.3415198947958036, 0.3575166313383702, 8.534083174804715, 0.2659075341956749, 0.09479274860123606
Neuron 3
Weights: 0.31646574984492176, 0.451973822883851, 0.4465001274936853, 0.26757142110457466, 0.767695308398382, 0.2885912743195528, -0.005593310216557212, 2.2803352931768823, 0.4651177209914169, 0.15854705803873206, 0.35080982348413514, 0.442257055216135, 0.2850960801793372, 0.14121541105067534, 0.17608820299387895, 1.6497266545411868, -0.038638739816156516, 0.5684392295259513, 1.2868157726143705, 0.19387853063009894, 0.07211596363664632, -0.03685743320993277, 0.6321231630023261, 0.7738460517591992, 8.752941100979493, 0.32513923897747143, 0.06676388755927927
Neuron 4
Weights: 0.30164769345120096, 0.7541478417938261, 0.9072299343652165, 0.5279539883615761, 0.06705261001788064, 0.19539805137237884, 0.20734336033912049, 1.9298370039346506, 0.34364579626825476, 0.371343639380707, 0.2306565886644291, 0.29328954745181796, 0.9316635803606353, 0.18898049646736623, 0.5837571079357092, 1.5309585296982284, -0.04919590906561176, 0.24157097908507583, 1.1786077884663646, 0.7181862649966958, 0.28231195534824394, -0.22941320873156176, 0.8845576540210239, 0.21192785381520074, 8.373942580977323, 0.7859365853046005, 0.5280751796172718
Neuron 5
Weights: 1.0236340698494435, 0.5086273790561946, 0.49123292116237316, 0.6067944394388749, 0.13920336987851467, 0.3640272578355034, -0.0767968440462986, 1.6584346327640238, 0.04666609384897327, 0.43327852886114343, 0.9722172181234469, 0.04620507691343322, 0.9513029010121422, 0.5963663450240425, 0.13871917647739196, 1.191670495693368, 0.5302203158257214, 0.7979078757723834, 1.0257353951761568, 0.8140042663978554, 0.46918852317183674, 0.025911951306362934, 1.307802738911871, 0.13319335409167962, 8.393539908571492, 0.5470825647032721, 0.9077796404477357
Neuron 6
Weights: 0.6558141357718427, 0.9968308042363858, 0.7229108077677787, 0.7596059008791554, 0.816317161538606, 0.45202231634644774, 0.7353378348862505, 1.5387331105196844, 0.43150510062528624, 0.23773947544846766, 0.8008266791532924, 0.7426877806674204, 0.012115187456497749, 0.28598818446773566, 0.38168291419114087, 1.703279088838034, -0.03507470668295521, 0.8287421735155339, 1.0410370242225069, 0.31960340141438737, 0.47677261972049073, 0.11428563448386889, 0.5702596729975989, 0.12932142008272482, 8.358055592467972, 0.22988460873182429, 8.87986854005746E-4
Neuron 7
Weights: 0.17642697475798977, 0.1823796970515487, 0.6907246639124872, 0.5019314195475258, 0.7177322540804381, 0.9572499577562416, 0.26427907246076987, 1.659269204290531, 0.17472871163332782, 0.9757034359580594, 0.30401314471462026, 0.8767795090580088, 0.25339676544901035, 0.38978230099168143, 0.10102050387856189, 1.8300771893166434, 0.3237331745511679, 0.38496899961053166, 0.9544480546379744, 0.8535649710033296, 0.8384222772856298, 0.24536561561128747, 1.4486109990735603, 0.4620145058898567, 8.73594607725452, 0.03227420324403186, 0.9626951155850957
Neuron 8
Weights: 0.2908236190789411, 0.2622061199097416, 1.139387731464499, 0.132419922305849, 0.31529018833467526, 0.7226595732927865, 0.664214044747108, 1.5335688930452613, 0.31586419113877046, 0.021649791631764396, 0.9572855914152977, 0.9049071589962361, 0.5644416640062871, 0.4163067965029576, 0.31258451526302283, 0.9739319508572134, 0.1181469946683419, 0.6803009546166927, 1.0720611823772108, 0.20341702917140922, 0.7868949795591258, 0.4630819059252987, 1.0713567419322882, 0.15191013321547084, 8.749080378595801, 0.9927963818557275, 0.5090230451180677
Neuron 9
Weights: 1.0289611782668904, 0.7707082108460301, 0.4913194148264699, 0.3821981955703761, 0.15673976815307136, 0.3033948173311455, 0.7759330060713696, 2.299414513020007, 0.46100959164184985, 0.07353533796822223, 1.123805305248105, 0.39601896990750174, 0.17721659186400962, 0.08781557631242384, 1.0069861852175288, 1.4407978603382787, 0.1735182081459471, 0.2403420864149711, 1.2947725927104967, 0.8441002688094715, 0.5271137318442733, 0.5391999112335549, 0.6042161263424537, 0.7701416157989527, 8.202979158532736, 0.3249971012974011, 0.8144154679643417
Neuron 10
Weights: 0.31097367682299965, 0.7197630789287046, 0.8163830253340417, 0.7505896564906256, 0.42767599152977337, 0.8124046677085667, -0.08418476935543773, 2.3913331152341715, 0.14282042412732981, 0.992587733472319, 1.0526548070029982, 0.2969447451700599, 0.6482371407786213, 0.525714548406844, 0.36442244732739826, 1.4995225602340234, 0.07536848560291613, 0.6578668641003289, 1.2483703378238173, 0.6469053110816421, 0.5272169616722133, 0.5634440445270951, 0.8916330808293783, 0.36461735072864676, 8.55082476683179, 0.3936063623282442, 0.9652781615148264
Neuron 11
Weights: 0.9844647929952034, 0.3820632441508249, 1.072765668765994, 0.6501165005082128, 0.7161877288256908, 0.2865018714171971, 0.1433420853190204, 2.2517275449903305, 0.04675760039027679, 0.8288674034148322, 0.6074973711173197, 0.4988309058656176, 0.011572138133540098, 0.8883608426512528, 0.7929951879371734, 1.4041238589777834, 0.4947466649525033, 0.6690713371449744, 1.3063499999609531, 1.1102816200857102, 0.7471077157595973, 0.45913552530222873, 0.7672202167160262, 0.05807905745039563, 8.820113460515055, 0.41891707804153167, 0.39974789858057597
Neuron 12
Weights: 0.49027227498650705, 0.44645368106000527, 1.3127828678260232, 0.09377316838386011, 0.47482283822434174, 0.31976127618196026, 0.8692153387176129, 1.9431340485474633, 0.3314182092966899, 0.4142955140760996, 0.96968123847852, 0.159627110258179, 0.9470945341467346, 0.8999018034056729, 0.5623031704845676, 1.8508787099866026, 0.47189998609000194, 0.3192112909517574, 1.5995796774674143, 0.24864276016553208, 0.1591328609763749, -0.3718582056788978, 1.0473810859415598, 0.19298870329771953, 8.616493856578694, 0.4070734692949125, 0.2613821566248602
Neuron 13
Weights: 0.4092124154295248, 0.3092081617000572, 1.1140633754335276, 0.18150661471922042, 0.08893279686296943, 0.07003955034115522, 0.7013128999182305, 1.5564278012223463, 0.5418966287399305, 0.30173441204050655, 0.8614703224999224, 0.41872247595590883, 0.5915533260761633, 0.4640656143398855, 1.0456646694952996, 1.4881367741255787, 0.4472813742213789, 0.29149263524483915, 0.7280534362069997, 0.8958761891369881, 0.8644311860891147, -0.3862609740958959, 0.8193364458169253, 0.2089680779134453, 8.459842696211462, 0.6000890912944837, 0.8103086370398248
Neuron 14
Weights: 0.5822998457916221, 0.9298985711956405, 0.8043826614433868, 0.5606263932519123, 0.7077555343801725, 0.8867291328147379, 0.5797248060259731, 2.339119279246208, 0.10211928106728324, 0.7634872634487768, 0.8694830883177341, 0.41021826969126407, 0.5491414460225824, 0.7009321677862439, 0.49864617648237863, 1.3476218118082954, 0.6881706320419382, 0.4860935537518264, 1.4146915340165338, 1.1514613848247244, 0.6872255191706957, 0.09476139261458595, 0.49696736655429624, 0.761051572420677, 8.612060848272558, 0.14273347488534172, 0.7244017530191265
Neuron 15
Weights: 1.0835533762249772, 0.3493731436782536, 0.6616181258782489, 0.06764131976795537, 0.9303845059134461, 0.028032868999794843, 0.11171494316074136, 2.1550665571400205, 0.30514558755408266, 0.48472109021206716, 1.0367394967643229, 0.19255747500907355, 0.6902447377984283, 0.39885547236809127, 0.6873462930948039, 0.9956216282917986, 0.8360984783539522, 0.24741137077640016, 0.8201666231561361, 1.129823132544211, 0.931945144411084, -0.1715953673387992, 1.3536220844759175, 0.6634638592846105, 8.890674369922744, 0.7221772599812988, 0.7872698163031426
Neuron 16
Weights: 0.30689730365806206, 0.6563556343581117, 0.7876798844326559, 0.6724131888896694, 0.4765499074560659, 0.20857740117978638, 0.654857885151768, 1.6597429666936347, 0.1158460212279055, 0.9698862872872092, 0.7836782121799791, 0.38488878095314416, 0.3008344722530447, 0.5808115431916733, 0.4497109791040861, 0.8861859400904987, 0.2571971791182953, 0.4623670879379288, 1.5131281623199941, 0.19097765985414147, 0.2826663448772918, -0.13622727255747633, 0.6697145757724223, 0.7694715899835145, 8.16443172573535, 0.14319753167409655, 0.22516844080043794
Neuron 17
Weights: 0.13028740808596675, 0.8495857949912107, 0.9370691618232697, 0.6821347055804741, 0.6502136388984313, 0.6342713664349044, 0.6670928462672098, 2.2846318447974947, 0.8295004555008783, 0.6615614067432634, 1.1232420191065593, 0.7668367805341878, 0.9143049261809065, 0.018483576423080968, 0.08004637300019381, 1.1038040033178855, 0.7314752669765752, 0.17019769741504198, 1.5801395909448248, 0.870897891137158, 0.502893505518202, 0.4893698427998375, 1.2904488663204994, 0.4986038212158249, 8.306839271813582, 0.18103670315434617, 0.35877837490940684
Neuron 18
Weights: 0.6516888251652834, 0.5769908738482042, 1.0531814756065003, -0.12360841593149557, 0.8972510944205909, 0.8419838101646261, 0.3690304530487619, 2.087103009852235, 0.792194613325387, 0.48750005788209055, 1.048384842493217, 0.5153812694376019, 0.8881413504563554, 0.6279316909170017, 0.19655385738070608, 1.4162636640865394, 0.42255192952228293, 0.17694475882989236, 0.8582793412329927, 0.1887739873931997, 0.5040453579404593, 0.5309937579093879, 0.657648647754552, 0.2541082267798706, 8.367339909369074, 0.8767731286188043, 0.7495515752726298
Neuron 19
Weights: 0.7718464407199838, 0.6135773236066088, 1.0882082096978447, 0.678275432508944, 0.18270449608015585, 0.5312848312792667, 0.5190629512462536, 2.0159275856621686, 0.9620240266047242, 0.28946977642579097, 0.3332349610154087, 0.6775517725269127, 0.5153628292365585, 0.9665990212612834, 0.7807473988757879, 1.7822917117426549, 0.3479935530941186, 0.9986862104240805, 1.5509582274402514, 0.6610334464594305, 0.35902608139787634, 0.3216204877320147, 0.6528027617238867, 0.7127194435442934, 8.307987471031973, 0.1969950944130271, 0.34113057633817706
Neuron 20
Weights: 0.6757072301801804, 0.02172157574109803, 0.5324970664844102, -0.16707569242291914, 0.2379896210066841, 0.018649806440435228, 0.4655818485813267, 1.638970820368996, 0.7979647917766994, 0.6033623831913828, 0.6823373392772775, 0.9154189672088167, 0.9767961747351003, 0.08645441663518735, 0.8265683948139385, 1.5168337610728315, 0.6760354402756511, 0.5836795435237838, 0.9448313934707652, 0.21812143496579936, 0.9352764710617152, 0.47009177231094373, 0.848631118663337, 0.47914944492505607, 8.533914566477202, 0.9586585468871733, 0.71142498382752
Neuron 21
Weights: 0.5447524875738369, 0.04330079312246756, 0.5243184420138514, 0.5599938956729117, 0.3349473926677069, 0.13694797343496842, 0.03180681865712624, 2.2687089414362265, 0.5227386917326002, 0.08456051700420622, 1.0584411787844576, 0.8612745556194701, 0.7909355360931175, 0.4497928218533042, 0.46587167431860954, 1.5688924235594968, 0.0067215381170730205, 1.0529863144001008, 1.2951887299480793, 0.9967414386717194, 0.818501522494649, -0.1260785947911783, 1.1749495315478775, 0.5243072993702432, 8.923542618039798, 0.7056199071024432, 0.7978052678417349
Neuron 22
Weights: 1.1011490006466365, 0.8218304877568829, 1.1139115561569675, 0.04301357748137177, 0.6290091673208819, 0.5276154440397228, 0.6370158903936621, 1.700776833355185, 0.18092149404647362, 0.13292694794386442, 0.7844461330214602, 0.13008733481496568, 0.7691949073505934, 0.2661539258094756, 0.6995435367434469, 1.755809678042425, 0.7386626931085831, 0.33482236573830604, 0.8625243920905411, 0.8933715942374735, 0.9945542395545701, -0.38982547767155784, 0.56827885801159, 0.5927576000160257, 8.135528612071306, 0.651841441620464, 0.2714691858865661
Neuron 23
Weights: 0.40924332160387344, 0.9964994997175107, 1.369265321816393, 0.6552642559303936, 0.9673140613238507, 0.3791231822935376, 0.2007543635000849, 2.1508912875434905, 0.9236455306722968, 0.5378112419889898, 1.0707946636146595, 0.25311358960663827, 0.8259386859473697, 0.25513784353375724, 0.3959339590309543, 1.5429800078567197, -0.09140376740428134, 1.0537312450768037, 0.976812138919157, 0.6540196185844667, 0.9288857529971815, -0.12259898259997257, 0.7759591775947621, 0.11356695945397831, 8.688103271208428, 0.38212599187060303, 0.49397597153217915
Neuron 24
Weights: 0.4488326212577657, 0.7460288447521328, 0.8930815988709667, -0.07480885466188121, 0.8985287534733464, 0.2898953166137602, 0.1352977123199548, 1.9994178119447132, 0.5524793410418416, 0.8387694623842432, 0.6424684592726966, 0.8390503088567127, 0.12474834475659322, 0.40993937028241695, 0.7253122816447816, 1.2816644852388657, 0.35220007114448826, 0.9168106283467962, 1.5653292646914496, 0.9478015231528419, 0.065252682517403, 0.5331613992645613, 1.0290347950405185, 0.6838132506337693, 8.260640997570826, 0.49616947805897893, 0.3279320796692666
Neuron 25
Weights: 0.4722654976248065, 0.8619705406761085, 0.4158639015430605, 0.08514987204610151, 0.40827635945657165, 0.5489617576182134, 0.6397548368715208, 1.412391599285941, 0.12647627543418877, 0.7481486512996012, 0.19801240475537943, 0.890644406628258, 0.5010650759809664, 0.5656788329598095, 0.7611300667171245, 1.0862084525395292, 0.03251237967384693, 1.0779571577974632, 1.4061442707194483, 0.23031014527184854, 0.9439799850212467, -0.39658859250331563, 1.4464012375930206, 0.5579491830669415, 8.598288330136848, 0.3084079709436327, 0.2897332844556299
Neuron 26
Weights: 0.9314343927473102, 0.25690244535110945, 0.8377729830345092, 0.6552581031263887, 0.4971321924603244, 0.7022172045935882, 0.6336626770346813, 2.2014217157455493, 0.27744833230810045, 0.5109744197103212, 0.825331616954207, 0.3373956647260671, 0.15503957732792198, 0.7592144329406971, 0.47109960970446685, 0.9077386626130522, 0.16451077767849254, 0.6289483103953297, 1.0401413473177739, 0.36662322372105516, 0.23357232985932297, 0.39895926208235244, 0.9728307044607892, 0.6050018147809613, 8.470564125356868, 0.586580101779875, 0.11042881822206248

Layer 2: 
Neuron 0
Weights: -4.401676235040229, 0.15601569377523686, -0.1583377408434333, -13.38785494251556, 2.660932501839275, -0.11924954968340327, 0.29269897224080055, -0.4999441653494186, 12.132496522807505, -0.1338041303464695, -7.341074794156275, 12.684067484355289, -0.4873079907610162, -10.992155607014897, 6.349082070905256, -0.6421858772939801, -0.3277799674376669, -7.880684532305269, 12.737648562431854, -0.3258320239002488, 0.09463417341577082, -0.20463670104205753, -0.5956618783154066, -0.40928324260711696, 0.6691801860729809, -0.6275780966528275
Neuron 1
Weights: 0.5113661621357994, -0.7403909479343806, -0.6173497941372664, 0.1381951779768164, -0.5854529963974487, -0.5246566102868302, -0.20435829760378282, -0.7907211903307046, -0.007833145108321086, -0.32294883313333583, -0.06387126738003568, 0.13070142573004598, -0.6655583945606621, -0.6787447399735832, -1.173353346219907, 0.05632202540410561, -0.15528201503184827, 0.40895001043706897, -1.8237203896610625, -0.6062081678463378, -0.439213100283445, -0.5180634692144946, -0.3629109721282448, -0.8715924101275466, -0.3586038391873167, -0.3640672929449085
Neuron 2
Weights: 1.4329761517407258, -0.24195201468046917, -0.33512145665254645, 0.6092432904647125, 0.8854376650996412, -0.4919242302462384, -0.6025162021180361, -0.3959872090386918, 0.7033209570890997, 0.133216982181342, 1.217488084794708, -0.7686336851937583, -0.16954882723078163, 0.09472346302077506, -0.9305515372967899, -0.7035578206787731, -0.37061636910490364, -2.64325800224157, -1.0469077601734804, -0.34209985162996726, -0.08197730989933263, -0.32313541843195, 0.03932783438276262, -0.01435564701776674, -0.14471054438718348, -0.21846440272411657
Neuron 3
Weights: -2.633779510845625, -0.09099703970041, 0.2721113033839062, 1.6440535040394726, -0.31308622730501173, -0.38533329043380465, -0.42877293518727955, -0.7777693079075508, 1.839911001055557, -0.2100055687570497, 0.737428427905251, -11.438365894101823, -0.4869103544183508, -2.0176722009667296, 10.790240595099402, 0.0877688293339597, 0.05657112345440754, 0.3455145962614635, 1.0108548217873052, -0.5028951644207985, -0.3232375850072606, -0.6184430227089539, -0.5517848085269673, -0.7710523370574078, -1.9340261112708372, 0.23849107606113484
Neuron 4
Weights: 0.08192446314670282, -0.4295302992543954, -0.8611574681057341, -0.8201048102783463, 0.3118634817080018, -0.22500530862716586, -0.7324138211369814, -0.07351428362184162, -1.4212040028899764, -0.6736250543725655, -0.942178632204304, 0.15041866980665553, -0.5826591349287403, -1.5488191378730474, -1.407112771788757, -0.1283562784616773, -0.6828692797960202, -0.28631672911001077, -1.8919516479169811, -0.8001943481669331, -0.7169647762654136, -1.1235222877891762, -0.40516281073226895, -0.3448783015963621, -0.4770543780755362, -0.2727819512052375
Neuron 5
Weights: -0.9374625186404741, -0.9435869768296944, -0.11712112474383246, -1.055840204512549, 0.537213981997884, -0.8647249093156503, -0.20976690862893133, -0.8364161042083778, -1.347878956617451, -0.2572383198068613, -0.7328654654740216, 0.8345643066451974, -0.5669441196817617, -1.4046468857584438, -1.4499423931748876, -0.8096891302673743, -0.6773370915839612, 0.3663227733097094, -1.4052411486076837, -0.44115315360211976, -0.3871552101264588, -0.8558109807708018, -0.3526674099939485, -0.6992329471061625, 0.12254276966775485, -0.8219443790448877
Neuron 6
Weights: -3.2702331744266755, 0.6113604071484244, -0.059943267499844445, -5.41426827278843, -0.29174250103752153, -0.6215018351068095, 0.3513023387160852, -0.05208097949993397, 6.732744332718333, -0.6203982760174584, 5.762600434545207, -15.181519026968816, 0.12005437872381393, 15.986341060509238, -8.61977887833513, -0.21045762626398953, -0.07683132698090148, -2.4828993008437843, 6.562609519714946, -0.13376625187317231, 0.07863047598457734, -0.25146597881270316, -0.47354121672607863, 0.0044121574183296165, -1.2554275956618648, -0.327296182506376
Neuron 7
Weights: 0.8128857646826058, -0.5493433672981951, -0.8869928078134146, 2.4135747386851794, -6.697548895774861, -0.7742080349021367, -0.42761615095717365, -0.09370271054341832, 0.8557328637943952, -0.3831287594825493, 0.41357478141499143, 1.6993393283860687, 0.1299237180269459, -1.1110620740402157, -0.5706788250194051, -0.7091871130883953, -0.4239839064621185, -1.2925983271228496, -1.0691645897508502, -0.04310618025347832, -0.5294828403638058, -0.6929922610159808, -0.6390166437089411, -0.0042991031988946025, 2.941626878700799, -0.34174246049215545
Neuron 8
Weights: 0.34607502474419755, -0.8977330673432854, -0.045252417210200416, -0.37723556248434453, -0.41506772082010274, -0.8220507382075141, -0.7463122558890878, -0.5195264047466346, -1.2226118698930861, -0.4886628347438949, -0.9184760347063328, -1.3465156685283202, 0.07972567879970992, -1.5872486209237824, -1.6440930581102515, -0.28408946980505, -0.30840254210552764, -0.12155621816050134, -1.1832098950134908, -0.8085851155799917, -0.8129286836917806, -0.38658997117611565, -0.500249127294928, -0.7233252440916282, -0.679634254760006, -0.3650198982312489
Neuron 9
Weights: 0.21288530849982062, -0.11240196435046478, -0.837236621996514, -1.0123486160453292, 0.1250449285038788, -0.424619103766559, -0.953707399277856, -0.1554313263891523, -0.38201256935604067, -0.8637340562519725, -1.0245218414352584, 0.12060880840991622, -0.39043949541613876, -0.9462274211108217, -1.3387397235296474, -0.20211750875048326, -0.613572013269675, -0.9829156191405707, -1.6401263167272473, -0.4300030945435222, -0.19605835780579234, -0.6013268812942124, -0.2634813180964607, -0.21927802462655552, -0.16418209908906267, -0.7175361491978083
Neuron 10
Weights: -3.9609569728533405, 0.00214592577690323, -0.5924189672045854, 0.3733562615958237, -0.2802712687922639, -0.8332377289635537, -0.5816567975706605, -0.12003823111755829, -0.5670280031519965, -0.5988380312646007, -0.6422597828471083, 0.6033622471419274, -0.008828918104371357, -1.2956461744674326, -1.1473142217861902, -0.7858797884085899, -0.3369502373873964, 1.5696399391762517, -1.0953922168370414, 0.048380621743004455, -0.5850128014185628, -0.35633253720443364, -0.4803472387527307, -0.08699396474531067, 1.459704770304954, -0.7475519991908193
Neuron 11
Weights: 0.7400412997042315, -0.40050130861808525, -0.39127362953035505, 0.43119221727247437, -1.3219464276867106, -0.4260695497835432, -0.13607540994852257, -0.7290959142755048, 0.05723756534911999, -0.13204536208610163, -0.032477671110976464, 0.39478640415054655, -0.07841476713126114, -0.4299242527142359, -1.0892692104651163, -0.5671925399836917, -0.7517704105273093, 0.29867945206781277, -2.04879740823211, -0.5596003675001175, -0.5958528816345586, -0.5206716359138346, -0.3815884689863052, -0.6842944070240641, 0.006985028357367002, 0.12377986439568721
Neuron 12
Weights: 0.9156757820997332, -0.16438481587709722, -0.5104415005897233, 1.0911780221022467, 0.9958663686242217, -0.7639366720970024, -0.8254678004906989, -0.4198027143608093, 0.2556585848351257, -0.03802223948919563, -0.4935519905972596, 1.6231018120445455, -0.3783385791113742, -0.8818332656457023, -0.860426402105906, -0.6609544252115575, -0.3441663905750779, 1.5163885222850464, -1.7867198364045551, -0.4975325024408935, 0.06668744966922495, -0.1864543077976611, -0.6571276639940007, -0.07274538192953778, -6.02014198044765, -0.41359805062764793
Neuron 13
Weights: 0.479865129038214, -0.2328246947708788, -0.8827407462528217, -0.6598959915618672, 0.3765891898200953, -0.5580180682228932, -0.21180586694757075, -0.3201645472770042, -0.9240199859281686, -0.8434032054562742, -1.0985346145616062, -0.10424889167096171, -0.4174788889690832, -1.475609068952772, -1.5469040182206868, -0.1776158340601858, -0.5457696525123501, -0.08029896008934248, -1.4123771777897527, -0.5909953322917043, -0.4189862913818958, -0.3337109635411396, -0.6190235357906205, 0.03171257381471861, 0.10881106079692522, -0.4243235709786292
Neuron 14
Weights: 1.4843470064573052, -0.19455112233635807, -0.17895972064380922, 0.08261952167182718, 0.2952067182521439, -0.8120644243933165, -0.40302553683710235, -0.24423843445703244, -0.08080406171904378, -0.1768897221234003, 0.4198901628258324, -1.4249701581188632, -0.6336351724380037, 0.03862016930436523, -1.2556681318559642, 0.00325390655103808, -0.11158400458863556, 0.1508194245487196, -1.82870039261375, 0.1404478626040241, -0.34771142663013804, -0.37466586182880063, 0.1868562697658337, -0.5108430704876333, -0.28296311666080975, -0.2789036609992117
Neuron 15
Weights: -3.97973322375188, 0.07215180317490284, -0.07414851174541126, 1.416906087873819, 1.262408269861969, -0.06439115503112566, -0.34046797039194127, -0.6982980025085713, 0.519336473872689, -0.03593514293647136, -0.17985868323167858, 0.0699181248306566, -0.4344779785469122, 0.02631150152683247, 0.09087167680458219, -0.04856938090814355, -0.23744589235490973, 3.0509694869488273, -1.110556050420763, 0.024464231383108777, -0.7467752529034992, -0.816971804475862, -0.6802400448305032, -0.032128693079471055, -1.5865857162481745, -0.03925707769868403
Neuron 16
Weights: 0.552508591182987, -0.6424306617560972, -0.1613720762295957, -11.294759876713153, -15.851319959952532, -0.6505504352197832, 0.02870735149342049, -0.797254353065537, 0.9574496420406954, -0.03831897677133468, -1.0607300668951423, -9.001019043202279, 0.21636296750392464, 4.425375223376111, 9.394124050604955, -0.2758617969353388, -0.7497030104152408, 1.4554964378182031, 9.636191307255382, -0.2969988661203095, 0.0051730269439108035, -0.7735360959272877, -0.46209163105981277, 0.03352416032033181, -5.127923600033155, 0.035760626883693726
Neuron 17
Weights: 0.4781904167840336, -0.21341470195519918, -0.3563104556784058, 1.2788290634110981, -1.841593942832799, -0.44265723741776597, -0.17679456806351787, 0.12750452558728845, 0.7793267856260584, -0.5736312639426139, 0.14061391769748083, 0.7276019072481955, -0.4382125187116125, -0.6276232950860199, -0.5888491434030326, -0.1642585547547782, -0.008741412723521037, -1.617130162271216, -1.150386514877473, -0.20198073955686285, -0.29550658138211444, -0.2611278738637962, -0.31896121013448153, -0.1045962067649882, 0.9243039199625726, -0.6699453549704959
Neuron 18
Weights: 0.9254128080536521, -0.29603250461828784, -0.2606635797989669, -0.4917454966748754, 0.889117575129117, -0.4949783097844374, 0.05128916058481564, -0.2647040864032789, -0.23359564059867138, -0.1466911371112625, 0.6885347931918182, -6.429200884437217, 0.23975239178625588, -0.2714596629103973, -0.6057653719439384, -0.45810072698347104, -0.5781297843042215, 0.9914389010189608, -0.9999529623022319, -0.32440447831419694, 0.10156031338715922, -0.5302967026885612, -0.4217617343696297, -0.8263353387703807, 0.511856032894273, -0.3668925995222426
Neuron 19
Weights: -3.032287898101067, -0.2530331130074217, -0.3155607186448515, 0.3782058012441296, 0.6025329338263984, 0.06748084809155896, -0.351955694275176, -0.5117318312744273, 0.19132430480096668, -0.26882069498977235, -0.3674999947880869, -1.3913187401274476, -0.25426397062191325, -0.33531913628921495, -0.7671245683077333, -0.4048019795344524, -0.13524450589583728, 1.7479953454727275, -1.3306914477350829, 0.0519084981276774, -0.06798799979284581, -1.024058594195301, -0.606809549549986, -0.3315758583395179, 1.7616190297567778, 0.24097616806355884
Neuron 20
Weights: -2.2165003241250263, -0.07195115212792437, -0.02188498358636585, -1.07077414707844, 0.36600582693382294, -0.02870802431545341, -0.17228350901770062, -0.5051132107312702, -1.179313707737034, -0.21708721726645222, -0.8220643506195032, 0.40833041967232936, -0.3891660325644329, -1.4418705294548921, -1.3435756208722234, -0.4496885931355046, 0.09933232436982506, 0.0812573467386652, -1.5502052473132233, -0.08020992037176361, -0.7610785178784689, -1.0989704063002985, -0.5260236421057876, -0.6074903382425957, 0.40973675183523117, -2.0931827163357002E-4
Neuron 21
Weights: -2.0856610640133306, 0.011177611609475306, -0.2348377483218118, 5.670026801674287, 4.051731239673418, 0.030862591243947298, -0.021637737953642596, -0.5342167941420313, -0.690687505021096, -0.3157756045047745, -15.75843690330879, 7.006973487718718, -0.5569262555324308, 10.752994639173114, 0.03167209584426273, -0.04909042809945856, -0.6849302023798495, -12.31830115676268, -1.6702883935004293, -0.14979975118361227, -0.33412310346209084, -0.5109092504938205, -0.41511157407527977, 0.033731686822842534, -1.6361299380669119, -0.5666504723919801
Neuron 22
Weights: 0.5300778461960316, -0.01781588085474612, 0.061850339939495534, 1.5851526112496273, -0.5589139549335724, -0.5842007690642524, 0.02971763713130259, 0.18932941843598147, 0.93387148942158, -0.19121710419935462, 0.5254318181287418, -2.0472252036382836, -0.6569679529666593, 0.051305191226264854, -0.1823226344579215, -0.0650206055617274, -0.7234620191351269, -1.1514670356421532, -0.7491297478853007, 0.196917307577513, -0.3648842196353538, -0.4306639727139719, -0.28018471615224383, -0.8296225789119991, 1.204601281172135, -0.5380671301855899
Neuron 23
Weights: -0.7095115360106645, -1.0606777414542485, -0.18742291356622176, -0.9129166185891316, 0.013337764087340505, -0.5781856208973727, -0.28461003885273817, -0.43175675624984655, -0.8601191914084128, -0.6754796271262469, -0.7937929627070204, 0.825690866143276, -0.3527866505042468, -0.6236020281511966, -1.5230867808526034, -0.6357872800357955, 0.06635933058109225, 1.1890348970977478, -1.4197595318663532, -0.39594324341303105, -0.36598984043119986, -0.6032634856389194, -0.3775106132127786, -0.5993590555261076, -0.2567055978074186, -0.329582901477558
Neuron 24
Weights: -2.0482551023459594, 0.10728816569021192, 0.16877091889917373, 9.729484877193368, -0.04036360498971235, -0.39367051030549494, 0.13961739417553415, -0.3182023599465556, -18.254282886986534, -0.21001355299951607, 12.848412490833756, 1.54680119933986, 0.03852627350156, 2.462431392555847, 1.6774300441931083, -0.4149686484670748, -0.11432031076830443, -5.578397921243167, 3.6454721553999128, -0.31508782433343707, -0.07088778989505042, -0.9640465856511738, 0.0059289575046733295, -0.7365595735964896, -1.384286314167547, -0.4391607267347883
Neuron 25
Weights: 0.36690108162126583, -0.6175029686614011, -0.11657883616759619, -0.41578611726330567, -0.7746616387554223, -0.7770734154775745, -0.168235551889283, -0.16940109349356558, -1.2097856750030438, -0.041615588027585027, -0.7848678879254529, -0.039281092797015735, -0.7164820542844588, -1.412691017739846, -1.3501378935421435, -0.8351732348663354, 0.05723704081042885, 0.4082501443364635, -1.6691145755761265, -0.6570869069452453, -0.2579101364654543, -0.2983931733188416, -0.4800988343682116, -0.38078549644087545, -0.11617111020301095, -0.48185940347927025
Neuron 26
Weights: -0.21187946850578515, -0.7311564294163934, -0.7847134599935626, 0.38921251408825774, 0.29010195448939036, -0.2333507242386685, -0.9741327958593735, -0.7578775597097159, -0.3256074792137322, -0.3688585091733599, 0.18908165011579525, -0.29187971162852555, -0.5691211206781156, -1.4675587438725026, -1.2741831115440398, -0.3173713294198607, -0.30961489598011266, 0.5149876061022746, -1.3460420872294896, -0.6779926365952945, 0.09477174885320923, -1.095879403082415, -0.36391784098732116, -0.10059122606037643, -0.4681777005426765, -0.4134118680330095
Neuron 27
Weights: 0.3571773260205274, -0.31165332099320053, -0.16238094298856356, -2.222360399951934, 0.21408258899903554, -0.1568871170271493, -0.29779384528012365, -0.1064702136182411, -1.9079268544405357, -0.7901719710251442, -1.75921655036701, 0.18579468245934772, -0.8739209011807206, -1.7409654167764232, -1.2786337444427756, -0.07271129171399392, -0.7225645087586725, -0.5785806781410435, -1.8363282538623045, -0.5309539509539162, -0.7915823481738212, -1.0016125825539945, 0.12953184942371845, -0.5962972376645874, -0.10666750650794786, -0.6840625242066775

Error in Network: 38.307%
Created Sentence: hello darkness my old friene 
BUILD SUCCESSFUL (total time: 7 seconds)
