run:
0th iteration --> Error: 4749.861%
5000th iteration --> Error: 445.875%
10000th iteration --> Error: 0.652%
15000th iteration --> Error: 0.128%
20000th iteration --> Error: 0.102%

Final Sturcture For Neural Network 

Layer 0: 
Neuron 0
Weights: 0.701473047500924, 0.8404541504625059, 0.4988793314790749, 0.7385707362396134, 0.34282964231309426, -2.861108617948816, 0.052865406278364564, 1.188986156753323, -3.499083975639707, 0.04611059363061582, 0.5648168032103119, 0.5621018465927693, 0.1793875694521694, 0.7817860239775775, 0.5035074069579292, -5.96626056903841, 0.1875185928194788, 0.18593316381491254, 2.5861799224822817, 0.2680738289804178, 0.09341911770018128, -2.739598182280002, 0.3033058048008963, 0.5062621583703529, 0.28358226484009047, 0.011233096505234727, 0.4312287956711645
Neuron 1
Weights: 0.529769755610331, 0.7570229670312064, 0.4240310862907099, 0.018102650485218752, 0.8925681427748745, 0.2579408049396417, 0.6029958216309314, 0.8498933128766312, 0.6395428287382147, 0.36069227768653184, 0.194319862008135, 0.6137840715693526, 0.9312437809566251, 0.22517241884886283, 0.17045883170612253, 0.10733478601303448, 0.08080261786642451, 0.2564237434699026, 0.4215979930794403, 0.8365788227649374, 0.17659982442199595, 0.7006038750614079, 0.696702372796775, 0.10199277986244992, 0.8790588207643556, 0.28840882793413414, 0.014240824989303347
Neuron 2
Weights: 0.765970431028297, 0.4262649654690858, 0.3974182225703711, 0.999646270006286, 0.7714115339808566, 0.3606473309977114, 0.8464300423092402, 0.47473735393316296, 0.13826268187149093, 0.9977497336183346, 0.35770387995140324, 0.023741895048262296, 0.6033237947393265, 0.19815665739619315, 0.9271337627661752, 0.19122574037297668, 0.28836071510556605, 0.5749288752432217, 0.8277226317486832, 0.42914537136580216, 0.7825406006394466, 0.8714425904461133, 0.7383324570890933, 0.903406015908173, 0.8074334999022995, 0.8783149485763905, 0.5375354555755069
Neuron 3
Weights: 1.390317396742483, 0.9461249805994393, 2.554780632625436, 1.276017111721159, 2.2514525530739284, -1.9267996593867058, 0.8963578894267857, -3.076579987266911, -2.960711378950956, 1.0105034254853482, 0.8612260587496737, 1.2293532020984468, 0.8828074084993628, 0.5549958298746321, 1.0586927317344232, 0.7893498155474167, 0.7143233090600017, 1.9794458039718206, -3.139043907863975, 0.2550057540672519, 0.4494749956042239, 3.089469283401797, 1.3262783189703524, 2.0668235812126707, 0.5275991742635036, 3.098774760648185, 0.49750928513420284
Neuron 4
Weights: 0.7600117889893194, 0.7652869034663352, 11.139952483624185, 0.49923920190243026, 0.4026609330994359, -5.680766290533091, 0.9054278589066688, 0.7587658423341952, 3.3647077843999544, 0.13760199921677357, 0.743907620034506, 0.06078416082897004, 1.6908991587649636, 0.2432603761303722, 0.18385130533975838, 4.03898496442194, 0.9480744548081598, 0.12199596737559891, 0.6268438574511048, 0.3521845754321091, 0.5470412395214437, -7.308699381987779, 0.8454856658714126, 0.7654801032266025, 0.6974205201179973, 1.1829283363745569, 0.888330362075614
Neuron 5
Weights: 1.1708339678004636, 0.8899427293062857, 2.39273511431663, 0.7187171358418784, 0.9742024324933294, -1.0821074367059837, 0.45950255555662345, 2.37825858981915, -1.715450090383852, 1.106286108980727, 1.437500005863639, 0.7062506883940755, 1.3380119059156805, 1.6201017941471842, 1.3912452694389348, -1.1955976413285518, 0.14391533932156875, 1.3905764027399306, 3.185621169775347, 1.4557221137699177, 1.2535064177956252, -3.686948155497312, 0.3409880034784512, 1.5168331224900236, 0.851252265155843, 1.1025774082556175, 0.8068926346602703
Neuron 6
Weights: 0.647982590249632, 0.6799705881486934, 0.20727663551964245, 0.4402464959347739, 0.9206287387218445, 0.109657994524203, 0.28581399444779665, 0.5148012841212757, 0.43324229575842216, 0.5755539051753525, 0.7789064662946319, 0.26128405902281626, 0.531218346855982, 0.25246248999669957, 0.9392796765245829, 0.1198393558532248, 0.19601749022907267, 0.8108004916334063, 0.8173928375429592, 0.4653998162348238, 0.9532954644184947, 0.2691706487875835, 0.5571153236931449, 0.27305749342976005, 0.2753113673013589, 0.10022437246086213, 0.7071817507206307
Neuron 7
Weights: 0.9488543501614978, 1.818071500009175, -1.6023564310277028, 0.5522187593509554, 1.254943452083408, 3.0998264857820192, 0.9253420682025472, -0.7467579332488627, 0.5824054774192254, 1.0789903279614366, 1.2892416009867598, 1.3534167803219879, -3.5258299286511874, 0.10377123089636377, 0.44351845030622133, 0.535326134146851, 1.3396667327914349, 1.3569257465666829, 1.9540460509233368, -2.204299136510993, 0.9948342913537366, 1.416538668398891, 1.7274323060249885, 2.1735872761591604, -0.2609655892261684, -1.1685425064159922, 0.4577930655381542
Neuron 8
Weights: 0.8690826827992434, 0.6027396884932612, -8.691814386747632, 0.9201389551636203, 0.3863066785778826, 5.471891394152056, 0.8410880706447158, 0.1723876037829688, 0.777355220943374, 0.41934364390174894, 0.972523388455521, 0.03321787150165246, 0.18420888306320626, 0.8336853169332787, 0.15601756573176603, -0.280949909083315, 0.5056910296900576, 0.6688704497826504, 0.7188600266219255, 0.13430573649785815, 0.6494855825859578, 1.1503306119615944, 0.18945463995747888, 0.5415897407666047, 0.9627667289937276, 0.011485260018310932, 0.6318491316254222
Neuron 9
Weights: 0.4152564668272731, 0.7943206523512308, 0.17835588786855316, 0.8550695879706688, 0.1266683118122458, 0.2747411009399019, 0.9398063935620725, 0.3624004984134508, 0.5673930974077067, 0.17954125784474606, 0.010512604240175749, 0.06601139478534657, 0.608957867446727, 0.9575399162644346, 0.5362385300883576, 0.7280254006144967, 0.37951774704712715, 0.7116887331894947, 0.6513470400187636, 0.8103179970080588, 0.6655512546329135, 0.9044967570594932, 0.1227974059618826, 0.915884866759373, 0.8447988974429147, 0.8269141676798765, 0.6129261295010576
Neuron 10
Weights: 0.28690220162402597, 0.8910026005805002, 11.322334534299843, 0.117682649714256, 0.8880409388505476, 5.503956195966231, 0.8468085240512905, 0.6926498655599539, 0.39567528481661, 0.8313914053821437, 0.3957413320373658, 0.6661146558497332, 0.46156485330199853, 0.2181207762327286, 0.5413095059930045, -3.0411692449519907, 0.5493889495446148, 0.19417092782851852, 0.8447266368992619, 0.8615212353343135, 0.786193595906533, -0.054713677365542175, 0.1839033447318967, 0.76508312878705, 0.5463802810505644, 0.2375334657059616, 0.11139877397938748
Neuron 11
Weights: 0.6243402495549416, 0.19205714770957402, 3.132575219965406, 0.6342931677484852, 1.4067066117381009, -11.897318084949786, 0.5927361467158573, 0.5098533809788899, -0.8619185192471422, 0.6312186052939088, 0.7699140252021753, 0.23297770049973326, 0.7604510712215103, 0.9692063753234177, 0.023650094890790813, 5.711951004202096, 0.3038332520196269, 0.6768037174075778, 0.818019220338613, 0.5450582832813619, 0.7416655144156732, 2.597449798931453, 0.8759102802552129, 1.3374061601181337, 0.36781220038639656, 0.34201443548273813, 0.7579468572742679
Neuron 12
Weights: -0.002134020445350762, 0.05527386959060659, 1.6984711525479173, -0.14068383752959981, 1.4677853575007982, 1.5580976097923591, 0.5604891761505794, 2.4223222214894324, 1.431010008341616, 0.9191920355279973, 0.9402049320485296, 1.1725609812245528, 2.299967088828304, 0.7397921418203158, 1.5301918167323079, 0.2094068664814621, 1.1949547956659445, 1.5925372442784704, -2.033427488044931, 1.655327137413803, -0.6127490961325331, 2.70989683209563, 0.6869956501367273, 1.9810566686334974, 1.3217901843045459, -3.695670808852214, 1.246902613303318
Neuron 13
Weights: 0.8241768427847933, 0.8085450721891284, -29.89208038102141, 0.5113275121838569, 0.3108388994442137, 5.879399293725745, 0.656633744312306, 0.49600338834407154, 0.43051574724826996, 0.9991327978713483, 0.21559189958818134, 0.150860734477779, 0.6807874444022968, 0.7062934056801137, 0.9426843832000867, 0.7289362154698766, 0.29010717145983805, 0.7821352557553584, 0.8593025157587508, 0.651488742394331, 0.5718304003493574, 1.682788163827815, 0.03393519328057245, 0.15468498241567064, 0.1953429673527421, 0.9718802847403918, 0.6723102807729507
Neuron 14
Weights: 1.104051076933495, 0.0631973395492894, 0.6332395593495299, 1.443126666347252, -3.2203764035364886, -0.6351678625774411, 1.2880264732185223, 0.8992834721665532, 2.0323969863681146, 1.6001213582207146, -0.025589547387126103, 1.0181613939557763, 1.5436962184090854, 1.059753548068351, 0.9471417830109746, 1.4099640536124165, 1.2170547305583188, -3.5136966003379015, -1.4973643796758351, 1.0837672067995865, 1.3555493319794854, 0.8239908368926372, 0.14820556096544804, -3.238411843267137, 0.9780463025470343, 1.4677871883389118, 0.5153992070495254
Neuron 15
Weights: 0.5054473054715941, 0.8563431750869012, 0.1642756487873367, 0.4584763076509489, 0.37674412001799146, 0.44040032658362177, 0.2891516865530411, 0.8783693400404226, 0.9096906215401975, 0.39710668303131436, 0.6594624924225534, 0.9302092575173467, 0.6373769607734784, 0.3220141641539969, 0.475430943722261, 0.1367837842836882, 0.29169831748795194, 0.2101371353050601, 0.8231015642857039, 0.16338869676734524, 0.3006012388805763, 0.8048291767673607, 0.11836465142292008, 0.3295963713199703, 0.33892735982705263, 0.783864765832088, 0.7021273624601277
Neuron 16
Weights: 0.9274830126767838, 0.09108828234296895, 0.47538330021218034, 0.518790918725712, 0.5511785696992714, 0.18946914590849284, 0.8910797343633351, 0.25648280517778943, 0.0029558428915311685, 0.6293728884746691, 0.7400019919569242, 0.8050311397300974, 0.9826763952206362, 0.8294808004687769, 0.7435428210740894, 0.39645828267223276, 0.6902619498863896, 0.9062194394859838, 0.01068937189611363, 0.33280861751407764, 0.6749628287190949, 0.66108773697274, 0.45232109093264933, 0.7774162371004146, 0.7505449291673162, 0.24191244177154972, 0.21432259072664972
Neuron 17
Weights: 0.6885968118384167, 0.5621146095103535, -0.07238928127834077, 0.8915369730334421, 0.6058094897042009, 0.3293938850620714, 0.04693574619998432, 0.8478091995302126, 5.789692359891882, 0.49085061865062635, 0.969402017281219, 0.31300222083024626, 0.960385367207227, 0.5356416151198791, 0.9501127718721952, -4.918766507810461, 0.8996430922033215, 0.2992772190356837, 0.40602179483932505, 0.3098272920711771, 0.3825179429517081, 2.8590963185242875, 0.11137982749056753, 0.42609136285131305, 0.8783579457708828, 0.2354039606043598, 0.8457454887599408
Neuron 18
Weights: 0.9761524706158528, 0.7395239021371206, 6.779768600842572, 0.7846979994758425, 0.5575234570933406, 5.397165720388011, 0.24165362720894493, 0.6539611295359031, -0.7079314309115831, 0.6149181277932362, 0.8216755851128817, 0.4482116635387183, 0.48722054274226684, 0.8402611927816457, 0.9000307543586176, 5.486557952110026, 0.5633099840133284, 0.7294821892074658, 0.711323805920948, 0.06730644471648817, 0.5839300607961214, 0.09400471829768543, 0.06626501678507775, 0.06878924057747936, 0.06777958427347697, 0.14700785708189443, 0.3693819084250251
Neuron 19
Weights: 0.3079951697597034, 0.5513627677518967, 0.5680581424658712, 0.4817448631278372, 0.6996160194850215, 0.16544194463858486, 0.26883264163553816, 0.2633819674896367, 0.7661668606983224, 0.5393264506203704, 0.13608033686521237, 0.8967036208352744, 0.2871588623170362, 0.5607229851207229, 0.8707273781860162, 0.6401807122041031, 0.5294646859428807, 0.5821780280826453, 0.8525922865868677, 0.49055875604867843, 0.7365872889181078, 0.5099553363374721, 0.6863415350984176, 0.34226581650091964, 0.6381704765170874, 0.8371434441973787, 0.12060762625184351
Neuron 20
Weights: 0.6242689242458859, 0.3596644842882077, 0.09001796498940695, 0.29098332535864624, 0.06748543868436274, 0.2614740947869729, 0.3451598894908727, 0.5276456226263385, 0.2099581379315869, 0.9175806273399109, 0.4445575234998778, 0.28965136702652566, 0.48235314718771377, 0.6555432854050302, 0.28689655770815636, 0.14048608287995878, 0.23294279128832016, 0.8229497290422946, 0.10546915436930637, 0.0632361750563123, 0.8490858345916045, 0.21979901887239303, 0.9566094928223654, 0.8287940257196594, 0.2113197019220623, 0.9419651584104162, 0.7372897907270471
Neuron 21
Weights: 0.5767944608118865, 0.07653098249873358, 0.2178026483249393, 0.9264874247939616, 0.24652013518811566, 0.628271447001807, 0.6881200074455505, 0.9021603691472774, 0.0038024173901571867, 0.3551391764473783, 0.9791611740721872, 0.12414445321535483, 0.3499834229718694, 0.6222452301143294, 0.34889874787989056, 0.6930131212009149, 0.17029414278918953, 0.7861383549167132, 0.6488568843408046, 0.7959159930447354, 0.581542141359691, 0.4701615337817903, 0.8368463382814734, 0.3326402331501587, 0.07279184842116926, 0.6650658927720335, 0.800407361277795
Neuron 22
Weights: 0.5786141619396424, 0.09775952915869579, 0.6488088312162806, 0.3064209288992234, 0.0863000626093906, 0.973933490916651, 0.32981504045579074, 0.47926250064479087, 0.15239895633885092, 0.6709701868394938, 0.5095805601048958, 0.32803656867304026, 0.08551722393077732, 0.8297046162812388, 0.7333514690952616, 0.49284454170910413, 0.1974212691432332, 0.1431538345812683, 0.8517105947465354, 0.5607021735475337, 0.9107327981935365, 0.052180419429589286, 0.15125680791120089, 0.013637390684505979, 0.6268943420133385, 0.5610222569386413, 0.9291636055985358
Neuron 23
Weights: 0.11466275073239496, 0.030460808191848265, 0.86168424936435, 0.6842547527349446, 0.8117314502942251, 0.3192494741663446, 0.3712259270308999, 0.6763363562898145, 0.04544947332413629, 0.44460747507070403, 0.732268957905685, 0.46587668417238154, 0.6832304846783072, 0.8220325434372276, 0.30458658336202116, 0.18772628990572848, 0.6707446967897379, 0.1296090021238948, 0.6844271359744916, 0.7354224114751596, 0.8909262181277482, 0.7501975861698896, 0.8282618274889729, 0.7367237600751392, 0.6514680274391916, 0.1330448270865302, 0.42893679179715155
Neuron 24
Weights: 0.18637269008490542, 0.6836475768471627, 0.8514533882060736, 0.2947482168124067, 0.8686838786852621, 0.028490018675220607, 0.41538196177641845, 0.6157482542645992, 0.25040970260552514, 0.21069029458014346, 0.9613197880232088, 0.16662882384966948, 0.35343456672280066, 0.6563793294756844, 0.786507040041731, 0.6918191016827128, 0.22720160727698446, 0.3977333964182945, 0.32054953253031426, 0.9459719076276086, 0.032376787517526484, 0.7255901369637828, 0.5347021175523795, 0.1218029960043494, 0.42010750016782866, 0.6006487361135173, 0.9775721705062727
Neuron 25
Weights: 0.6872864524882544, 0.8453333030176352, 0.31449539165240936, 0.5957207773373029, 0.975498604381853, 0.6879591708313181, 0.10360991495001692, 0.24861617436687156, 0.22294128700008398, 0.572302282550336, 0.16267277427299487, 0.35962027913128297, 0.13596540455176154, 0.07307552825586983, 0.7779066010334078, 0.45816552937578336, 0.4799537245324638, 0.07527194823481032, 0.10684926315015475, 0.46300659700613606, 0.6322118033819044, 0.41566644193312413, 0.4678709421318445, 0.4324069884364538, 0.5170541327121682, 0.07525235553299747, 0.8709105526342933
Neuron 26
Weights: 1.8928854935988648, 2.48821593413516, -6.849230892649276, 2.2534142725953794, 1.242650121347256, -2.5432832555907354, 2.636376215554354, 0.23936931571001618, -1.6123768515170693, 2.151429158024069, 2.4998707350406266, 2.5996150184927287, 1.0241977473518535, 2.0682211364507808, 2.3593973216715494, -1.8550410793126095, 2.631150193352581, 1.8033504528749675, -0.49249326484542366, 1.128567157143132, 1.5932040877277316, -4.022657970546241, 2.4556031564197074, 1.3556484174600423, 1.7757518231370775, 0.307034190779504, 2.3116769354646225

Layer 1: 
Neuron 0
Weights: 0.23760324617440381, 0.9125921444852946, 1.2457500719069325, 0.47241055850261293, 1.393097624396614, 0.7570616839669906, 0.5001143458368967, 1.3317797953923523, -0.329290137712566, 0.8403418953498737, 0.8965651379612487, 0.5506841077379174, 1.0077080337395155, 0.9297234110226592, 0.9097027492500864, -0.05702682856303882, 0.3454633509273879, 0.607024606329031, 3.219912551142497, 0.8897765591428994, 0.9966233892776409, 0.9097708160500483, 0.8543589959256406, 1.126133791808576, 0.8521186519911315, 1.7958226956272512, 0.8241966386976554
Neuron 1
Weights: 0.5605638427840122, 0.629319974911471, 1.294947400902433, 0.7470640788079689, 0.9505477728142615, -0.08168828888950037, 0.30836409805534776, 1.8379328349158206, -0.916533382135621, 0.048784176203763845, 0.23324726900591194, 0.6385195193271275, 1.167888607296378, 0.8834738903703402, 0.6169858964316052, -0.310845948229673, 0.6511335506536945, 1.3909124936027049, 2.518308075936284, 0.6020475640607004, 0.44236664131901127, 0.8148801658066075, 0.9992784073308436, 0.772005909119688, 0.3020559773675392, 0.870975014158958, 0.8852332992788252
Neuron 2
Weights: 0.756244420022381, 0.643789310380917, 0.8999540296450422, 0.6037416499815429, 1.333533502031472, 0.5422796840093188, 0.18472682952042874, 1.674871652812053, -0.8658395207293956, 0.74911672218784, 0.7835226077361546, 0.029368823129780806, 1.5922326285763335, 0.09343210176996573, 0.9392531633491583, 0.5322220534498272, 0.03756770498999087, 0.6336677845475003, 3.0270935696590984, 0.46133231600408675, 0.8124299082647807, 0.8834579515213518, 0.928887508981211, 1.3352895191387053, 0.1346390296755466, 1.7898393970280502, 0.36572933194281054
Neuron 3
Weights: 0.8970594258051632, 0.7184291649311808, 1.133435358967039, 0.07378529613759821, 1.4061439055330607, 0.2669550517981615, 0.5396725957970759, 1.8992963584940468, -0.609778038946175, 0.2627585581830364, 0.4279166638329893, 0.6727176011361784, 1.734505065567092, 0.11280713560317134, 0.6751016061542312, -0.14749194998337067, 0.6699495653455865, 0.49842388689673656, 3.164615230020435, 0.9810101226644194, 0.6566685394020291, 0.2919386823783846, 0.5599752949864358, 1.0688364604574516, 0.11234175137377808, 1.0617801377591014, 0.2777636356350208
Neuron 4
Weights: 0.6166651706272679, 0.09245937717706862, 1.2338480713662778, 0.73018322668507, 1.2587948167519678, 0.7489441453393535, 0.3011057657180814, 1.5906713426723498, -0.30905988880546775, 0.07329810698391837, 0.16584639241380233, 0.8622009836674536, 1.7016645987527321, 0.17790757468329915, 0.4534651258107316, -0.34934994730197433, 0.989442826697164, 1.030034872702178, 3.0854415618020683, 0.33973003083335596, 0.8122308039181779, 0.6817223835487466, 0.37269887781688993, 1.430132118336687, 0.1495687867538428, 1.0659135367043724, 0.08012458899555643
Neuron 5
Weights: 0.14021980954181223, 0.6439635891998098, 1.592400793815473, 0.3136244792722892, 1.1332341186269328, 0.4876950905784489, 0.9684999860862504, 1.8188355143447288, -0.8437045129995713, 0.030479909046147283, 0.9790509455629268, 0.11151135487123803, 1.0255889057611738, 0.31060067359735966, 0.08191058856637255, 0.537027776817975, 0.49690194719257197, 0.802691376736621, 3.241164168822171, 0.4552561123955494, 0.9177605054201196, 0.9837543414733231, 0.26093019247999416, 1.3679057124237528, 0.9327384832830188, 1.2757498697705074, 0.6894407826423147
Neuron 6
Weights: 0.44479537294139526, 0.5924291220372911, 0.7660940691740282, 0.13085197034423332, 0.7278381570432639, 0.35815005576626013, 0.7283754993530156, 1.6571826916830246, -0.9834701039460689, 0.09593078945521497, 0.4549909246668654, 0.710853594836135, 1.1425206579285556, 0.32269336838277285, 0.9646527350444167, 0.18292073987329482, 0.2503202892679186, 0.5503071169996769, 2.393469058738434, 0.818085286356534, 0.612951005293175, 0.12377055506109064, 0.1486337004268189, 0.8356022570727655, 0.191378867701891, 0.898727230512545, 0.8902573042304294
Neuron 7
Weights: 0.16175714115976103, 0.28015564966090367, 1.6887029595210428, 0.10433175276910464, 1.1090911666310805, 0.5279736485729188, 0.5256162280338427, 1.56445051474128, -0.5702504997116097, 0.7780008166666449, 0.5086889459362685, 0.10766898011328413, 1.491303491048065, 0.646912540343299, 0.06032596867413769, 0.6241986111777341, 0.10005650492079102, 1.3989945157926684, 2.3954668818035447, 0.5563038045530664, 0.025793121300629957, 1.0269506701625082, 0.7734373125101563, 0.6194988107448784, 0.3291376771222999, 0.9546910373436573, 0.33000911710378844
Neuron 8
Weights: 0.39537561779392594, 0.8434747500602736, 1.6672432879342565, 0.9770267284413509, 1.0645933704155712, -0.02315666282310841, 0.7407825269560924, 1.1337747149472077, -0.4295594093900784, 0.7725686647995901, 0.2820380228918486, 0.6742113481383984, 1.0040457654310677, 0.00863175841802679, 0.38446315957582433, 0.19068925738640807, 0.20865854243227408, 0.8704228573270492, 2.501178037556125, 1.062647877663227, 0.30905995373348855, 0.9539714404792073, 0.45190565796427806, 0.9786770049412565, 0.8490558679194937, 1.4775744813078742, 0.814491457524257
Neuron 9
Weights: 0.9887733187040082, 0.1504798738179089, 0.8368004377772486, 0.6959321651082221, 1.0249977544516191, 0.7502802064227907, 0.9228850733878318, 1.4593449230851923, -0.1571895533821785, 0.725303821244842, 0.027986911662246428, 0.6579442951144755, 1.5782114028871101, 0.48531492802608384, 0.3760850202494619, -0.05171996522279571, 0.8143492404905479, 1.0491189605844016, 2.9781123072215907, 0.6975375371498267, 0.0020848060809624718, 0.4707964533998739, 0.4443172453269252, 1.4643073320802604, 0.04807803783993721, 1.383568326124637, 0.28740231478837863
Neuron 10
Weights: 0.015337757149023214, 0.5566281073499213, 0.8155569938787856, 0.11151184653541665, 1.2068604939788892, -0.05316911269123758, 0.3964343632714683, 1.0308340335195625, -0.37216683688688146, 0.8618450448049558, 0.907086129085773, 0.45340658923339544, 1.4499837555260628, 0.05016903658883953, 0.519424963765029, -0.24591266058215977, 0.6827623345589446, 1.0753528196163968, 2.6629831087747764, 0.9203886874179998, 0.7868171307659494, 0.35488921285883884, 0.0690012918215784, 1.086665876975206, 0.12338293950791598, 1.5717334888125922, 0.8729749732840322
Neuron 11
Weights: 0.4724451163586504, 0.6943163948644179, 1.6808317864571882, 0.6978298566668187, 0.7739396828417142, 0.41753668988723164, 0.43995117062556666, 1.518278725097437, -0.7562546955481559, 0.18254281247752002, 0.7194318304528606, 0.5784234465015351, 1.6084330219183693, 0.24847905512544444, 0.4826710429851233, 0.4527258458585531, 0.8441666609673137, 1.0284275105741136, 2.9108351988763745, 1.0798958889094314, 0.45317143530456083, 0.5026163330179878, 0.5015691766217527, 1.3607240653211403, 0.02483716586542647, 0.850623250442215, 0.7939045964658823
Neuron 12
Weights: 0.19086882853421888, 0.20977564353010208, 1.626272901760435, 0.6549661625550549, 0.7625592190514592, 0.14236136744277048, 0.810527173038917, 0.9346440191091397, -0.6651963962045814, 0.21438650745880972, 0.4576819056274709, 0.5080982824132645, 1.5161098602569327, 0.03744753784899461, 0.09206093181654337, 0.03620958877518552, 0.6538187775675081, 1.2800767846673482, 3.148771543160234, 0.7557023167537473, 0.9765392300658783, 0.3818290377087859, 0.41304718137030905, 1.364332044721476, 0.4568181230946942, 1.3611115321809475, 0.28982157448681356
Neuron 13
Weights: 0.08870122620855067, 0.6354020895241789, 1.2843525251527974, 0.8232651148679265, 1.4774033380327407, 0.2353444958722811, 0.34289159911972533, 1.8112689051889304, -0.9299858723768384, 0.6910005649373411, 0.9811764009688331, 0.8782493365406203, 0.9290504395680356, 0.8316282593586474, 0.8289160473535919, -0.2654201155212923, 0.31430143070913474, 0.7373945892995082, 2.9434014701434252, 0.6372576144614019, 0.32351053119138345, 0.7814725944397901, 0.8963526822645389, 1.3747647596787442, 0.8862193679107044, 1.5161791720644562, 0.23395860545233838
Neuron 14
Weights: 0.42594483923803417, 0.763995379227565, 1.5915987242289353, 0.794049257577602, 1.4525368397686624, 0.5393497631197729, 0.2036126963425957, 1.4067821564282978, -0.30248271726183595, 0.364628786141845, 0.7451444696626555, 0.3907999138868524, 1.2526890026345876, 0.5990234961593345, 0.07318192655420651, -0.2610630894980215, 0.7559268316714365, 1.2321131925840385, 2.73738763327015, 0.5410420286961368, 0.6777525219556956, 0.7304302141466502, 0.47394333472108163, 1.1170237554112272, 0.7244305328116146, 1.079986914670253, 0.9422698251882391
Neuron 15
Weights: 0.027271255758295355, 0.705875075294046, 1.5703870060653116, 0.06722297547502415, 0.7546168689823425, 0.8504306710416489, 0.16680694341148516, 1.5714986491309537, -0.868301892105898, 0.39225270995111694, 0.23520963249374624, 0.09823943355702873, 1.596055046245063, 0.41856403225270494, 0.6170924803584078, 0.48564657059842636, 0.31945686592523725, 1.2890210354671625, 3.225508073758509, 0.8385754477046587, 0.9744018469022394, 0.982182888705592, 0.2841191282298702, 1.1473213570451815, 0.13544091882845175, 0.9152179336946026, 0.7472313675095686
Neuron 16
Weights: 0.8275353419083844, 0.7512619215994013, 1.36035045438283, 0.3158957854716923, 0.8619110739727354, 0.12443078959795428, 0.4369019100902579, 0.9294902471388459, -1.0663377470847868, 0.7965376877153635, 0.881544329168767, 0.4196388853943372, 1.1299762706527121, 0.765232833416453, 0.0850119620468753, -0.08267445662208366, 0.6874754686234683, 1.401782343936801, 2.8636396369209622, 0.1794194026470612, 0.6478537791367676, 0.8477214339869276, 0.9388083479863583, 1.3482476089893294, 0.9562523340504037, 0.9775107150079555, 0.818247142747131
Neuron 17
Weights: 0.2737700537037065, 0.15290970245053565, 1.458657435775366, 0.7049766353844554, 0.5767993458600795, 0.7392706752831504, 0.9133027557683011, 1.3286844152781845, -0.16672347110151509, 0.940275965265747, 0.776226187112597, 0.9564595952661417, 1.6899654956798715, 0.04297985606955054, 0.8470351931046161, 0.04849837019031993, 0.607962695798198, 0.6134756800968053, 2.381617127856538, 0.654442218314734, 0.06874307745635515, 0.23374340605771446, 0.6898307095482932, 0.7981142774811385, 0.2340452117420743, 1.388049902145136, 0.294469899130668
Neuron 18
Weights: 0.26902751908579275, 0.9110601282235443, 1.0027758182695916, 0.7555572157316889, 0.5926136790909542, 0.5972221227218975, 0.7957695080736666, 1.4002154185751243, -0.7926233307625041, 0.7616270284833097, 0.11196678039494784, 0.17769172475786896, 1.1122143711884827, 0.47071506595136064, 0.004518416323099421, 0.43497990486324595, 0.687873892700033, 0.8298761399465822, 2.5976652890956675, 0.1557239448351379, 0.8395166950193734, 1.0444567164013316, 0.06918742746224, 1.224377147723813, 0.8186407126436255, 1.6338518942299025, 0.6079977396109699
Neuron 19
Weights: 0.06538745550706712, 0.7474536666023243, 0.6987967729142454, 0.4311608382836897, 0.7279413708750795, 0.34631530601114313, 0.03638519957520398, 1.5104994413289303, -0.1397580460944678, 0.052279287808969614, 0.41016986536426725, 0.8179608283925635, 1.119523892014547, 0.7220653475594677, 0.10738861929344887, 0.40447673235804077, 0.6219168451589919, 1.2815005591812758, 2.684546980358978, 1.05397441666029, 0.8464678884946119, 0.5699769387617158, 0.3463609722464501, 0.7031753260136941, 0.7360911742714785, 1.663365289831333, 0.4129957918452454
Neuron 20
Weights: 0.7853011895457742, 0.27024862526822946, 1.3799423225316132, 0.8014344753268242, 1.3062575434959443, 0.8788750941119854, 0.3729900497265445, 1.5048780336560148, -0.48500528458444936, 0.12166350767356782, 0.28124019876928424, 0.4552783961746448, 1.561660841086262, 0.17931158441097733, 0.5377137955868876, -0.34814799142788333, 0.7747586132952995, 0.7392278421556562, 3.26137977768244, 0.6075348456393599, 0.9284027391074227, 0.36189126065386273, 0.0045170439992895176, 1.106505536664099, 0.8789217010695929, 0.8161377646443436, 0.6932844950892284
Neuron 21
Weights: 0.47557416460341806, 0.9117690263299633, 1.4099523978112187, 0.8745885061130535, 1.2148718011435329, 0.4141077544451625, 0.9096352532573402, 1.4950929469830483, -0.3714062740586853, 0.47271996888160284, 0.32491018274117395, 0.6441039880163578, 1.120651049069153, 0.7990685259134104, 0.3341104934582284, -0.25550438382168217, 0.29987017894506196, 0.8489198493525205, 3.06463690358611, 0.14964285987415787, 0.771452506762004, 0.6873226330324526, 0.15953144459023727, 1.100182471671986, 0.24174019965512908, 1.4815019305148756, 0.2428179475069836
Neuron 22
Weights: 0.00877957964306068, 0.017244141249082565, 0.7222228372462133, 0.03903269118985025, 1.238403915254081, 0.4954749482569986, 0.2701533817444604, 1.6323120930344592, -0.3603759809720345, 0.2215944431149709, 0.188145497504524, 0.42347813497914083, 1.191218034107569, 0.6292672231789919, 0.7466055196225099, 0.013184302442896928, 0.3728708141239305, 0.5418618223503595, 2.6098737519416932, 1.0801731188632675, 0.18548856535308494, 0.4357234718476713, 0.8568692204942665, 1.4367359359970036, 0.7896825671601556, 1.7911936943863722, 0.8507496505302008
Neuron 23
Weights: 0.32501326525367263, 0.24157122015452076, 0.8172334601118411, 0.04479752272158522, 0.8322850763401088, 0.126322474433019, 0.3236695983573686, 1.7213735252211804, -0.2294062184945076, 0.42102235044982605, 0.6216614567771528, 0.16354025160239455, 1.5620199864909454, 0.7675047605121424, 0.7514240096685441, 0.6082687671211159, 0.8225896090443707, 1.3482358791143512, 2.6991802308611073, 0.10081573068743262, 0.24174002312391268, 0.288605676120295, 0.40283846389528166, 1.1625870010066197, 0.7764810689103617, 1.387620244323303, 0.9495732758702413
Neuron 24
Weights: 0.496037422005399, 0.8051713151362329, 1.2438576097747567, 0.43313514153654686, 0.9443564437017045, 0.07429071803666336, 0.3863999399603887, 1.590533560186197, -0.6794310560921983, 0.4199419407562759, 0.9317201412271372, 0.3326865356490404, 1.5963462551130088, 0.46204956305161954, 0.2606272112537307, 0.3751266429546569, 0.522167866858904, 0.5988717244537072, 2.876999305905355, 0.9377167107988162, 0.834111301854403, 0.2268858858654553, 0.8022433750367903, 1.0172438140033389, 0.5544429189415783, 1.6069390204865606, 0.26779072447634444
Neuron 25
Weights: 0.5401814421712944, 0.19865475661881787, 1.4296085209959215, 0.08727236259654211, 0.9392972522240128, 0.3197405477636117, 0.7927586528329744, 1.0465245403847854, -0.9131489462491078, 0.14854303698000318, 0.08272904364061551, 0.6992105571864886, 1.1349806496358286, 0.23492862187054275, 0.8409067397060863, -0.14796963621383563, 0.8874062939628558, 0.8038785415599154, 2.732243844798437, 0.341038793668065, 0.6524092418937486, 0.5677207880940285, 0.041682056002425985, 0.5401975390702773, 0.871121788812981, 1.4112420079002508, 0.4000016632754675
Neuron 26
Weights: 0.9013936764058803, 0.8628272323200058, 0.9281633485384307, 0.6771359705154553, 0.866233089438208, 0.13930298707926222, 0.12718934118480474, 1.3046848354754934, -0.5663278748668051, 0.3104663955524253, 0.8339787823341338, 0.45618580997665675, 1.5900903997112261, 0.7416947955653509, 0.08538814422111604, 0.2770721833939538, 0.9366293842693998, 0.6747118975658861, 2.776837374146564, 0.29098676255029443, 0.9791328924632144, 1.0432545244470168, 0.8127335810760354, 1.3159088482350103, 0.4447950520216409, 1.1324369901622429, 0.7151321257882762

Layer 2: 
Neuron 0
Weights: 0.1826726355159416, -0.6237618939644007, -0.6496577610159551, -1.1697221085102552, -0.6802607768277839, -0.014491192948492805, -0.007081418636888745, -0.4289184050255485, -0.44481370702195955, -0.05694110825024246, -0.4194526941444627, 0.27600831892933153, -0.7589005595701719, -1.1544075299567427, -1.243748735933313, -0.34060598313503027, -0.008298189978356326, -0.24391407235503298, -1.1348933727038903, -0.28984155623486674, 0.016588435496229365, -0.7952744596729027, -0.27552208506770026, -0.6374981137639358, -1.2585058537707245, -0.6309176409026157
Neuron 1
Weights: 0.36781764974033676, -0.12997279176506618, 0.1424766300732338, -0.5926071532122439, 1.3065723489685688, -0.5557165000733454, -0.7651253976459378, -0.4243946678087719, -0.9536944512043745, -0.4579879045518774, -1.0524816271400999, -0.497479243517314, -0.37182305881211386, -1.1369503724702683, -1.3652621887746945, -0.3767845283436672, -0.5367656057370536, -0.11525309392631723, -1.5463208345741541, -0.5832976001377626, -0.4373167462365044, -0.6974486998846565, -0.11507514580007626, -0.600381481618807, -0.963701639914739, -0.7162020172149012
Neuron 2
Weights: 0.3119544220329186, -0.41111565178366183, -0.6092798112768191, -11.539989356294248, -11.733411188094662, -0.18544020252355087, -0.5857034089096573, -0.5307941711251366, -8.106119886623745, -0.04667264638190643, -2.0222966996515885, 6.891736344975052, -0.5254867336652301, 11.086941114861666, 10.40928818346996, -0.4529815360128418, -0.7142399221880344, -0.17457819391937862, 13.06484794941083, -0.3409249814708925, -0.7579479786000983, -0.4693784069893161, -0.45718900063870505, -0.11932386338536706, -0.5074748169686073, 0.26687609025283526
Neuron 3
Weights: 0.7944387058197946, -0.9220382107641747, -0.4907181788288829, -0.6415246598438773, -0.6217560866705575, -0.5024184563785304, -0.3868655641004805, -0.5496082998056511, -0.7154052175315755, -0.7809105188204719, -0.45836424180712204, 1.1563144801908911, -0.7301507274360683, -1.0182473873799571, -0.44531352610598174, -0.8887950537392024, -0.8228897606455108, 0.12090499628200752, -1.8556162870953716, -0.3621719410626576, -0.31203612543986714, -0.3921257267429151, -0.4430439138036336, -0.0383419251344635, -0.6475610834085097, -0.862788380801186
Neuron 4
Weights: 1.660575648387075, -0.17022279527272383, -0.5958027715198637, 0.9175696274979093, 0.7570632665798464, -0.4260986312716714, -0.7147826095821546, 0.003425282724763183, 0.24714595508929188, -0.5696981873638932, -0.1119836922498676, -3.549468092180901, -0.6085188902182946, -0.17737051996783224, 0.08306466509253296, 0.07857660105139957, -0.42811573515515633, -0.26665842399286677, -0.4812770751782859, -0.8063171222312885, -0.18282563413876882, -0.3269092318230974, 0.07186921689451382, -0.07531980183535411, 0.8036680345629366, 0.09831843434956104
Neuron 5
Weights: -3.679414001719956, -0.24690813350348542, -0.1362452476492738, 1.1618863375140176, 17.75849080014644, 0.005241931020661036, -0.10848225013104686, -0.04282177729898419, 1.2122131648869447, 0.20413751519465959, -7.861367525843505, -9.132169927355031, -0.4066386409721035, 9.220830361206296, -11.767591235515713, 0.23185430532997858, -0.7158261368336255, -9.384015426429038, 10.092604445329764, -0.7251088127264494, 0.6454033398942505, -0.012118571481347002, -0.6192477208699341, -0.0968661577123584, 0.23382453734432102, 0.578705227388257
Neuron 6
Weights: 0.025245331009339286, -0.23913456677708925, -0.5690294246025329, -1.2447888379031165, -0.219021522082175, -0.4234353777909716, -0.38622711194788206, -0.38111144236253996, -0.3728258363920262, -0.9121971398334366, -0.45590619787517983, 0.4313182108275916, -0.10874288082981409, -0.8359228863822699, -1.2828139000839995, -0.1909923322105428, -0.29959943381133347, -0.3296319492397281, -1.8299895833805082, -0.44139177315587186, -0.3933962102139967, 0.058713393646103305, -0.43142070643990804, -0.025067559941169933, -0.0413307565250515, -0.3991613629963213
Neuron 7
Weights: -4.987912674203558, 0.18789774261947914, 0.12174025448091264, 0.4638102298696306, -1.5711343835227858, -0.5754167263568406, 0.17023495160998622, -0.6580171062994911, 0.49797412487818254, -0.6814730257803463, 0.5872297365405625, 0.7594097378407628, -0.5979543899446338, 0.013409246791665545, -0.07112598458611614, -0.5760957353841569, -0.8255329701456507, 3.11269432464062, -0.5433125154676264, -0.7328935975581256, -0.44406692487194704, -0.060395775046275066, -0.4048403463610125, -0.6267761232876474, 2.3121539884974265, -0.8279176429471944
Neuron 8
Weights: -5.022305741459579, -0.6192340349458572, -0.12009226574448298, -0.8528157563330983, 1.1851450728615145, 0.1616101601569314, -0.44253609665546634, -0.7348574909047516, 11.74889707816993, -0.06798776780322716, 5.58236763871462, 9.018541008768668, -0.6246970782219033, 9.978825690085182, -1.109954565406197, 0.03917570291005132, -0.70642414516364, -9.046413476316806, -9.544295189383188, -0.33932440860279295, 0.10364959347622794, -0.6058313965226542, 0.011153950140810288, -0.02231295850415804, 0.3797796318202632, -0.3109038819649086
Neuron 9
Weights: -0.3205622123347926, -0.12047318622700784, -0.04493094405438963, -1.3096291304617576, -0.6930058465988465, -0.49548548170746753, -0.7122158390073847, -0.5375656018909621, -0.6190617878102135, -0.4980738157429217, -0.6131734823920372, 0.6197588251806248, -0.15558427625389062, -0.8463465806430736, -1.0026034619358033, -0.8747994450251827, -0.7552699673951665, -0.3285014702562051, -1.6195616581669214, -0.8459971643669105, -0.6504187026594029, -0.5576382955547604, -0.73937540768927, -0.4629917063591441, -0.54201118191361, -0.299102845738477
Neuron 10
Weights: -0.06199843049787697, -0.4414383459982406, -0.7402353794461021, -1.0718455855745281, 0.17147164459991426, -0.3217480813119325, -0.05941154441610076, -0.06913015809475027, -0.6899313023475095, -0.5382164169554229, -0.9772018611889659, -0.868628467732035, -0.8407716024372127, -0.9808524523873006, -0.8427500773671783, -0.6162151418936959, -0.7661473293322892, 0.48761392464362696, -1.8206017926406413, -0.45191553472431345, -0.5034095921754587, -0.21056631770724604, -0.029742952652610413, -0.8374501933204552, -0.0728437499469577, -0.08848717560030399
Neuron 11
Weights: 0.43248415274249186, -0.5524075335697611, -0.7250717837310038, -1.091120533710488, 0.004503685569080503, -0.3904075267807319, -0.43126246616738356, -0.3625594606413785, -0.48111036136088864, -0.3174429275825966, -1.243106972371526, 0.10507584869298067, -0.4136124109188445, -0.8183033785185673, -1.5446233249530534, -0.6304626651303034, -0.4052810096807472, -0.5334033283891908, -1.6829481201185716, -0.8547588382426226, -0.6441027033851102, -0.004334411248669837, -0.02608463994999854, -0.13108034548492697, 0.10261418942697022, -0.30933036680308956
Neuron 12
Weights: 0.13093829126338985, 0.11560555111808633, -0.41900952860443097, 0.9459473281569777, -4.45411957940909, -0.6902769287650196, -0.34519645566267015, -0.6107969872243462, 0.55037759925644, -0.18219112751134844, -0.20418633078568654, 0.3371613074653522, -0.4856958647816748, 0.1283525904222721, -0.33518056143877967, 0.11587340672335936, -0.10746101867953964, 0.5527938931800376, -1.1332043854752367, -0.4459775914820048, -0.8555980588625963, -0.2522725755694791, -0.7501602216320107, 0.04341420761772422, 2.686305386572296, -0.3656229210468795
Neuron 13
Weights: -0.5376879663140625, -0.10882776566520003, -0.48031660160564965, -0.20236214930646493, -1.1413990132530973, -0.2827286334235562, -0.40167564561189, -0.40077826398795474, -0.620470583450776, 0.0271641359918059, -0.9170069007154871, -0.12340066914238694, -0.3056361100537119, -1.1085475814104138, -0.8419072677312448, -0.25538656217880396, -0.8264137931000107, 0.7963730647780616, -1.702626903969758, -0.818872947686784, -0.1852159152037296, -0.43236014965020175, -0.4037079407877527, -0.7523971038469615, -0.4009477925935506, -0.2508110132317025
Neuron 14
Weights: -0.2859270945295898, -0.9345139446950251, -0.3173565161878165, -1.0888508708371347, -1.1941969279388545, -0.6188767073048893, -0.7334779033706886, -0.1531288255145935, -0.12420212666071105, -0.1321561564220787, -1.1350559119644816, -0.4898701719660472, -0.28493276326380423, -1.4116724576722446, -0.9100685927606873, -0.04312592552923589, -0.2528681044271048, 0.06492273017130468, -1.628667865955571, -0.571838112973142, -0.9019271714518715, -0.09724483662369193, -0.3190651902862187, -0.9089912706214778, 0.24969072960308436, -0.09438950076135362
Neuron 15
Weights: -2.3457236603900107, -0.19891634920500967, 0.16023687980716858, 13.87309233690117, -12.605732894962749, -0.17464869701061594, -0.30721259608125845, -0.6190475253776284, -15.448536169660727, -0.02661482499728314, -8.144924227340148, 9.436790376811114, -0.5834846330285485, -8.887459410528244, -0.017406972728123086, -0.49155410531223553, -0.9170990149172538, -10.239214703757076, 10.815932850977529, -0.8221283870454577, -0.033582106816563324, -0.46918471130128797, 0.08983941105532778, -0.26817701573065605, -1.3411544420252903, 0.29220573839023434
Neuron 16
Weights: -0.4355972770489134, -0.6940980000136762, -0.24649406988297262, -1.2501013882562335, 0.12823818895396305, -0.6222110314897208, -0.3958087714857492, -0.14959387191447, -0.6284173340928578, 0.0030142346002252156, -1.0418536814300527, 0.26715492829457926, -0.3653548985615156, -1.3398986294136477, -1.6195900299211892, -0.3478815288951642, -0.6668977528451416, -1.1080506919491317, -1.8181576717232533, -0.013682771941661115, -0.3854092598002578, -0.11910777766557207, -0.7653682357551058, -0.0719683989429363, 0.19553214030605753, -0.08150876718289896
Neuron 17
Weights: 1.301318106217055, -0.30638362130366514, -0.46988723689152734, 0.3777675781964701, 0.7456370556535201, -0.6162843439952936, 0.11708103151722939, -0.836315174919082, -0.3841286558407227, -0.43802937440297435, -0.8644969838316323, -4.1450877624805615, -0.047243335614835576, -0.5945520738354348, -0.739316087887953, -0.3921787161384614, -0.9714561861568841, 0.04098806703712405, -1.2042212256394214, -0.155893092351309, 0.014903856080702771, 0.08013435620707876, -0.8169447509242143, -0.6759118953845575, 1.0104824061542816, 0.052408686671195304
Neuron 18
Weights: -5.995429811645582, 0.3181759269360465, -0.5925585870901214, 1.897299181195545, 1.0915670417782248, -0.5963173684095903, -0.539596513013622, -0.06454626396119578, 1.915374208536594, 0.033008094321009616, 1.0315614591498241, -0.3588456431365035, -0.6382366803258753, 0.9384516523647255, 0.7885376057543844, -0.13839665007739635, -0.8755514333042922, 4.36329077106141, 0.1143512720121172, 0.15327537373219718, 0.15331892698575733, -0.31716250987957595, -0.7478405060310831, 0.292864271772825, -4.256493944485606, -0.4702879941204031
Neuron 19
Weights: -0.21771427888006448, -0.007141467048669437, -0.09341541562483671, 0.4189393655521752, -2.436831911206074, -0.5780645641407458, -0.5860602633886349, -0.26766422930663675, 0.3574103102461516, -0.26742059089659315, -0.34818011064970694, 0.24702663567683397, -0.5290092592833335, -0.6877947423027257, -1.0866275036526292, -0.7760606861569908, -0.1545288875055819, 0.7678804703089113, -1.3936560697075178, -0.27840310357462184, 6.510969563242821E-4, -0.7371808705526216, -0.526146183059671, -0.06393987345585135, 1.5737656208861008, -0.9636500617464043
Neuron 20
Weights: -0.6162417171990072, -0.25465513485883257, -0.05805792272603689, -1.3613308512516322, -0.4502367449950962, -0.443073990371236, -0.12882163288821155, -0.7546832310728642, -0.6782435071120182, 0.00100246528243177, -0.6847278738159379, 0.5500052468578268, -0.5833616233756032, -0.6822823066025503, -0.8823572734983658, -0.31055520450309065, -0.8112504881088893, 0.3928266615954831, -1.582670264576718, -0.2854449654677381, -0.790974541884147, -0.5398446480264243, -0.41094551051541556, -0.2862474566502279, -1.5696421022932547, -0.47993756314061375
Neuron 21
Weights: 0.8987398164990728, -0.06842392985281653, 0.024893302055576865, -0.05737055946897527, 0.14109605962971433, -0.029862599511021277, -0.4023912685083036, -0.7578474986545273, -15.135428713245695, 0.09991331474349417, 14.205122072989543, -12.674751512669712, 0.0012234413196643469, -1.050007076005509, 12.079269516375128, -0.08250175704010228, -1.013981871405068, -4.359680869639033, 2.8976024145821326, -0.18967718749392484, -0.7233248303940536, 0.028044515928574654, -0.17323577081016045, -0.2743911143641918, 0.9933666100673025, -0.11221711782205118
Neuron 22
Weights: 0.640493043253625, -0.49905197865655837, -0.7216022656574299, -0.7926246318032523, 0.9418673959774009, 0.1109768119528298, -0.2496109342132036, -0.24292258596925365, -0.36763912035595014, -0.7736656441566452, -1.000809690337643, -0.5778127665939308, 0.05482469960761888, -1.2139143194154838, -0.6569511830179016, -0.27150098049920734, -0.5338496306919274, -0.8988944159420394, -1.6582477675802707, -0.42021326474857534, -0.12781426097198642, -0.2757145212404643, -0.8660532562439971, -0.6442589786821105, -0.22185929014324798, -0.5015147313067791
Neuron 23
Weights: 0.9976628914152289, -0.6123148189613206, -0.07216334413585415, -0.46534265887451587, 1.6354538246311692, -0.065166473340689, 0.11105209146125264, -0.02561672796939648, 0.2660790586189879, -0.6335016300080374, -0.04911281552298513, -4.1696278091139245, -0.11483059321073244, -0.13769708970497324, 0.4441985815499796, -0.2064568580860452, -0.9014640843665638, 0.03406182497400476, -0.7166578382422657, -0.3451068066138492, -0.05659452397653462, -0.31258017296518226, -0.2974971559074256, -0.6040718475629846, 1.160544242870427, -0.01571750749215111
Neuron 24
Weights: -0.6446662885042062, -0.09179151922050971, -0.3137837512908319, 0.025656938889395693, -1.3293923555581344, -0.08425815756440723, -0.5467969219091371, 0.011712027280654982, -0.4835711506564526, -0.30066395089211917, -0.657026010700014, 0.06957218189533863, -0.29793886738569336, -0.37463769251303614, -0.7507674308773216, -0.19007933435176874, -0.545646958746245, -0.4537027875167136, -1.1966245923874312, -0.057179625836872375, -0.7051388603350723, -0.6697315068810346, -0.7230323506876947, -0.8885343408702742, 0.29941098026849405, -0.7653627861891559
Neuron 25
Weights: 2.389046460803691, -0.41602766571897004, -0.44533324840864874, 1.179026616193263, -2.4000506672872173, -0.001724034820738863, 0.012427655432480512, 0.11865836917635368, 1.0013384269290486, -0.6590822527391489, 1.2122751596722106, 0.3349416389142614, -0.10903357724753998, 0.1843601198941983, -0.31367871832911287, -0.0864896837067809, -0.25961280883379667, 0.13442206088131337, -1.0937281600866795, -0.47926514300479683, 0.08184603522218536, -0.4290857554417846, -0.27590140414038933, -0.16585026937465241, -7.45726697979141, -0.4032719122045246
Neuron 26
Weights: -0.3606764278787872, -0.9492485621506388, -0.6585944545824286, -0.34137146443574984, -0.6015227712262577, -0.5068436959533711, -0.7848367061843942, -0.48959762696339115, -0.5417653742901777, -0.8009015694430738, -0.6178008255588491, -0.39266439963840505, -0.06346441174646854, -0.6659241445550275, -1.0167367806892933, -0.149043064505593, -0.1087422064270774, -0.19048027824356834, -1.3028921972586025, 0.025897010479644985, -0.07811908712215272, -0.2777235005990124, -0.008191968762933585, -0.03150688006015597, 0.3915019714026502, -0.4484036958906218
Neuron 27
Weights: 0.1467329571763389, -0.1840765240081281, -0.18988376430578413, -1.6168829112861716, -0.23949292083463822, -0.19921182567426343, -0.09676093619946202, -0.441475645325748, -0.9699722361819261, -0.011756547876080905, -1.4913121235255073, 0.044144969642102544, 0.03401834710621979, -1.0840037726779093, -1.1696445875546013, -0.7338061935951505, -0.6297323356601274, -0.30921262758299306, -1.6405475673314838, -0.059427770216452486, -0.8816326493707014, -0.8418236568824681, -0.8874304309340746, -0.031876672649726615, -0.33967901217126406, -0.3320571285276273

Error in Network: 0.102%
Created Sentence: hello darkness my old friend 
