run:
0th iteration --> Error: 3928.366%
5000th iteration --> Error: 198.208%
10000th iteration --> Error: 0.397%
15000th iteration --> Error: 0.099%
20000th iteration --> Error: 0.071%

Final Sturcture For Neural Network 

Layer 0: 
Neuron 0
Weights: 5.653793225010474, -1.535433635657853, 0.21782316886725364, 0.47481237550409044, 0.6693304287528764, 0.44216891435314837, 0.9609744877681258, 0.20456097287812033, 0.612308178221827, 7.077726856794755, 0.7181256132643544, 0.4676544699701552, 1.787114083684591, 0.646871302996141, 0.5586448930968216, 0.36411047582401906, 0.6185737200902457, 0.8145177611446562, 0.24221193933874766, 0.10297350045755982, 0.2272552533205701, 2.522538895675776, 0.0789365142798577, 0.8514720426413005, 0.9386600584134159, 0.6182925202419147, -0.5268828853979021
Neuron 1
Weights: 0.09990600502400726, 0.07794489151538475, 0.7780231036286942, 0.896731835914851, 0.9603637763937442, 0.5280900689279919, 0.9063491626235293, 0.2268540490654067, 0.6255304591479929, 0.2535976033489841, 0.06143647018296228, 0.6543114550838119, 0.6801579287977894, 0.3828050599546056, 0.8882020424152078, 0.6466210207713331, 0.0798712664491652, 0.6536559151582962, 0.03585639061953505, 0.5644467766760547, 0.39020700344551157, 0.38784167260226843, 0.6837938725125089, 0.09728053976957729, 0.3133832486459278, 0.27105521732449467, 0.3541930594892854
Neuron 2
Weights: 0.7807009946795452, 0.621118846144196, 0.25322855117148935, 0.48364741902852865, 0.3294944264610415, 0.3588880839266872, 0.8250117176676587, 0.6763420366705041, 0.2914283517326404, 0.5903184490016536, 0.7753809873457653, 0.16773791521476003, 0.7032273275424136, 0.010009147523529993, 0.29014856960597807, 0.7904200848792281, 0.01330758350740091, 0.4688678476049555, 0.9122782675151696, 0.6527114083979778, 0.5250852381972705, 0.8281343695130108, 0.45229433939728375, 0.8158492283057299, 0.010180697229002278, 0.586579534726832, 0.41070382425671553
Neuron 3
Weights: 0.4869671481844704, 0.9425995818195255, 0.40993807212357775, 0.8542352352814477, 0.6328200551926758, 0.012978023793377647, 0.03245471232978381, 0.9738296017515281, 0.46313484689467016, 0.1962386826636695, 0.9974931101823331, 0.7447020780326524, 0.9326658422387001, 0.6665110231123127, 0.3574771560202756, 0.20742601884181533, 0.26747819825948677, 0.27992729334979716, 0.763004731466073, 0.8938733686848489, 0.5336784118841892, 0.17891401311611999, 0.33679464702240786, 0.8329786042315456, 0.43575610373957646, 0.3108556922429135, 0.3501970857085226
Neuron 4
Weights: -3.8488321031922506, 5.5293320187203605, 0.2995119292716568, 0.998379059503084, 0.9059913918873185, 0.13521236145356783, 2.979341135023667, 0.5043862790608751, 0.7711661042930311, -4.942396911016167, 0.8010930458010225, 0.3747297543087598, 0.8251895977664789, 3.511038123692235, 0.13971436295290654, 0.8732085663233898, 0.1332450162771617, 0.7486579006901931, 0.8910382880724966, 0.6862263359662927, 5.147054985243195, 4.9986852774739114, 0.8121479175046228, 0.3104840222172948, 0.031116308789173517, 0.3354386261853754, -1.8824091379006447
Neuron 5
Weights: -0.5247878175407942, 2.7644725795447544, 0.3709135077205561, 0.5905423354593531, 0.6002248077914566, 0.5278557265082284, 0.14082842310735558, 1.369690413869765, 1.1154202396691113, 2.526493447133461, 0.5742660399826008, 1.0925246800608293, -1.267794198733247, -0.9551476011740071, 0.5603375277242616, 0.6921383760182754, 1.042462952298082, 0.18007769806785467, 1.1075873485891066, 0.4130706970253718, -1.9383970775388377, -2.0721056654411028, 0.7968425442359864, 0.27521597755003485, 0.8363315846717924, 1.1726041402669414, 0.9868170446898736
Neuron 6
Weights: 0.9058244297893383, 0.34286684549087326, 0.2511532911015774, 0.6808802370546071, 0.40476819849313544, 0.5550721979055258, 0.04366277836081567, 0.21241626963557983, 0.46036096244841657, 0.9520964791666858, 0.4894512718070904, 0.9936335411403475, 0.7652294636333181, 0.7176635623834383, 0.81696636044403, 0.6463615945351634, 0.53610742739868, 0.5910374232737202, 0.8766344345227645, 0.6452134929237822, 0.9838837728446662, 0.9833434744529111, 0.07445432190018608, 0.7821912316935017, 0.4247081366131869, 0.5108333281356594, 0.4601519992405181
Neuron 7
Weights: -15.573256935061236, -2.20104470654128, 0.8904576878758421, 1.4407546775863216, 1.0101438899261692, -0.06522015597480252, 5.23245608783762, 1.515852538980992, -0.9116928409374089, -2.0422524256073236, 1.0021414204765098, 0.7866787834427323, 9.255118291263885, -1.9919834686336182, 0.904320449871438, 1.3743590432806074, 0.5025603525942649, 0.7358917301103042, 0.49408762463771877, 0.6405083321839461, -3.277161507545586, 3.0704489633462546, 0.23925559831160959, 0.8562644995445537, 0.9310141300106684, 1.0125923657070832, -0.4665392435632371
Neuron 8
Weights: 4.764973562623639, -0.9956917265169888, 1.0008013038053394, 1.3653965350324633, 0.698379071139511, -0.07942230630575399, 1.172233548103172, -5.487128041874164, 0.22183797599776398, -16.297773968946, 0.8848861999715155, 0.08632003525275546, 7.095863476916436, 3.5528176693057465, 1.776887457301958, 0.35325047863132564, 1.085550609799698, 0.7146301421898589, 0.55145363812864, 1.2754651085423687, 2.635785912591929, 1.9239904233576048, 1.2937648986021275, 0.10385576091789216, 1.1331875051842033, 1.1648361619825582, 0.671572817415954
Neuron 9
Weights: 0.4265717858770887, 0.19065071474859563, 0.40435639014137953, 0.9724601491143386, 0.47478781461906383, 0.65780935475554, 0.8979668702832749, 0.7372284339159788, 0.6155513922178587, 0.12376136110796887, 0.43380202380025773, 0.4213185431589101, 0.5561959929938914, 0.5100875583561678, 0.5447895049803563, 0.9662494735830024, 0.6747525165300984, 0.004409784803732664, 0.7923006307958261, 0.19226856873311535, 0.15843008171912323, 0.04925559394882473, 0.5283672798005418, 0.04340243793865839, 0.5015452873142733, 0.2609968708964297, 0.3044104030884975
Neuron 10
Weights: 5.249884331703208, 1.42131986450859, 0.32516329533551147, 0.3031256220453698, 0.8537273056528011, 0.39814490886073134, -4.486696854710456, 0.057647747132869305, 0.7099590632632814, 6.887330090738616, 0.5009029369131036, 0.7668406598169878, 1.334826720637839, 0.512988513392875, 0.9883174836102385, 0.7141759094689314, 0.8936252662510161, 0.4533828866362795, 0.9688610685491348, 0.6558323482947871, 0.9178787056945747, 4.734520959092335, 0.30682661506728653, 0.5562083097520577, 0.7466018589496367, 0.3470863388445995, 0.45698002799466503
Neuron 11
Weights: -2.9201944826093142, 4.064319594655998, 1.2516196342947217, -0.23321480468301758, 0.7794783000919165, 1.5615302934713002, -0.9814921988378292, 2.038230382136973, 1.0132972505871163, -1.3756821196427558, 0.8686594641632146, 0.8516790949032381, 2.4468579192574285, -1.4716825653989059, -0.6543391348379374, 0.888104651363389, 0.8980320431909501, -0.27607073237557195, 1.4205040418771147, 0.2751502463732755, -2.360545329162275, -5.543852743011371, 1.051010148950322, 1.2660164470935233, 0.9764086890683562, 1.4122546270442569, 0.28924031517858867
Neuron 12
Weights: 1.6463982975254636, 0.6448349098034879, 1.012130936055626, 1.3392722489016933, 0.43684585318509944, -0.9108116840869956, 3.6991032849894236, 1.3014845150716907, 0.021000968098859898, -2.461093500797098, 1.1141389260449277, 0.9344624168397014, 6.7138724701004975, -1.2566078634581157, 0.8858290821050677, 1.3829358356663075, 1.0413347885148403, 0.7129372892291891, 0.8541370674557413, 0.793515912816397, -2.3290032881346963, 2.4562970443268397, 0.6996411356631534, 1.1117717877977513, 0.5786419562828452, 0.9892860700894551, -1.4098012385636183
Neuron 13
Weights: 4.1719868150610955, 1.073175234356558, 0.4905723611259543, 0.3898957283633821, 0.6152844569637576, 0.33829989557886414, 2.893845480474746, 0.6075979009792388, 0.9018646522393678, 7.549270247033157, 0.4217338333540367, 0.36111442726287984, 1.4851786041228527, 0.3503861947143436, 0.9459356830318042, 0.7044562454850068, 0.7160576687284683, 0.3466110332878291, 0.06791743406811039, 0.2953000604851001, 0.46842514832029025, -3.371482487892696, 0.1330783475758124, 0.6182779417812202, 0.04926144443590348, 0.4159709710614443, 0.38329085618142594
Neuron 14
Weights: 0.4070254481256989, -0.7314195033160269, 0.315030422099054, 0.10732761363829284, 0.046756150217804764, 0.647161348957067, -10.18186590609039, 0.7024319752506001, 0.8706202005061288, 2.734331839053341, 0.5861142103475013, 0.19956798483482927, 0.6814849242173089, 2.588898671207368, 0.21253750405016963, 0.23796450579382983, 0.49369592101099613, 0.7403120520508074, 0.7199457537627465, 0.02718331777301162, 2.425870883960808, -2.625559530294153, 0.6161498221639603, 0.6006910862158156, 0.08077393462794545, 0.8031750530769781, -1.1883337829737892
Neuron 15
Weights: 0.49885096584474153, 0.18196489538700147, 0.37473653459922796, 0.5455466149588472, 0.1325598099891232, 0.3597036443532779, 0.5357866227997111, 0.0523739105147204, 0.2139931010490781, 0.603376437760298, 0.3916827680057091, 0.5120702072982013, 0.041004074240200916, 0.6781187565917549, 0.43017681153774484, 0.5654715355064245, 0.9127769473120216, 0.47238921258153616, 0.2933738823630372, 0.49976897105659734, 0.6313091947191011, 0.385423118948165, 0.7787209401011861, 0.8207138988835583, 0.8664465840725342, 0.08355661846421303, 0.8805047408776446
Neuron 16
Weights: 0.781905503824884, 0.1439014580378013, 0.5061894684826297, 0.11810518878224163, 0.11765010672195853, 0.3533791857579489, 0.9601620511656305, 0.4880710097928333, 0.2620163321199898, 0.9678832370445462, 0.5055798585926748, 0.12415450475266376, 0.2790918368405373, 0.6154651155277301, 0.6066270436970166, 0.15276280009977516, 0.5780807074587878, 0.25112994847596454, 0.19766787075827708, 0.2908532380379765, 0.24176298203674754, 0.9393045681960653, 0.897943055118234, 0.4491205105253919, 0.4579713174180258, 0.17621952707816857, 0.09742562037709002
Neuron 17
Weights: 2.016150255250533, -1.5047003733834197, 0.7567620891923577, 0.03203989461178882, 0.20149398586875497, 0.0644856717102976, 2.875186693120423, 0.7671564615994971, 0.6412859354710584, 0.6231063479987773, 0.9097175533081298, 0.22000751280017286, 5.642811482106027, 0.3180965238860694, 0.5784463816515276, 0.958391626672423, 0.38156024935070626, 0.5698096720242495, 0.4711986409975402, 0.542332554487622, 0.940751209762542, 2.1687238512538225, 0.5398461311839214, 0.5984464674282804, 0.05405490376525047, 0.2212353396927034, 0.7744352076887332
Neuron 18
Weights: 0.6434476256841384, 0.3612862150712121, 0.17617081235277363, 0.13688289914944074, 0.9268807599085472, 0.6109363676492597, 0.574544361426245, 0.5331584155914144, 0.19315607046396943, 0.5303546756536966, 0.5216581719161889, 0.5359643157574219, 0.3258934721063505, 0.4543457008611087, 0.07722357044457384, 0.2079661914519242, 0.28971404239666887, 0.8338316822272348, 0.7995789559783811, 0.1699302068351247, 0.6511506497000842, 0.9002361559335396, 0.26537842506260256, 0.008120719116555764, 0.2302701708485033, 0.6761628333418815, 0.4664059362410269
Neuron 19
Weights: 2.1523232888092245, -6.23731236312657, 0.5827610873616617, -2.883030418096894, 0.6688121936754418, 0.8385531108158507, -1.0760122516570878, 2.5496160248155024, 1.2594084189214552, -1.9919318593195212, 1.480779334338971, 1.0089171153548715, -11.913321448194923, -0.2622338034559894, 1.1872962326212984, 1.6343953009817207, 0.9940463073209774, 1.5211591089395748, 0.80107031491797, 1.3527453482939504, 3.5889946501174923, -1.2931802607824887, 0.6415475198015427, 1.0482006217264583, 1.175683918132617, 0.6918795950428426, 2.168042757667163
Neuron 20
Weights: 1.641535786162221, 1.2040100706404593, 0.6962567685093538, 0.37341024230316666, 0.7803534662673791, 0.6150364736761872, 1.0283562944675293, 0.18739765902874028, 0.8957173013868128, 4.562311502602689, 0.42664241619048093, 0.5662984176939537, -21.693205005417095, 0.8339206023284841, 0.10275324104702489, 0.6747844192427036, 0.5959029625768167, 0.2310253242687084, 0.20781573132673972, 0.511768190840347, 0.5871548145224882, 3.853358197764749, 0.18897391088734408, 0.15249460017468588, 0.6506044718606606, 0.6513471414172008, 0.08624615679732638
Neuron 21
Weights: 0.35186640991452794, 0.872853706009786, 0.45049995967909456, 0.4148466541764812, 0.0029288514346996752, 0.8297680424841404, 0.5604764762779068, 0.2941608228109245, 0.3415132648444823, 0.046614558244734705, 0.18618588889764018, 0.12978609006379394, 0.8517750183013922, 0.6263337006910027, 0.056880335184229525, 0.7380210599569458, 0.5411403263082871, 0.9839010658726943, 0.9422783399688958, 0.7917396795717629, 0.6259950995074357, 0.14406531926938118, 0.5617971077140397, 0.8619404326551318, 0.6975799361045923, 0.7893810088094605, 0.029121305150218046
Neuron 22
Weights: 0.13105309814040655, 0.122150676593343, 0.6253387739066883, 0.3620460409560064, 0.06209146278603006, 0.7702832821503652, 0.9155292158245326, 0.13147723751780904, 0.9219976599593408, 0.16727273811313045, 0.2321586946142462, 0.02366760162046877, 0.07803219629479252, 0.8098956345308838, 0.5658687003565187, 0.9462118900361122, 0.41282106386604683, 0.7043765856182603, 0.9436927825796301, 0.3210206853632504, 0.03667921205438074, 0.14621886967244477, 0.6151184870986998, 0.3764365977545326, 0.7150879214599621, 0.38462985395907007, 0.6836035129002971
Neuron 23
Weights: 0.5758529394350494, 0.07471071736589752, 0.09259254107788406, 0.7845295652118082, 0.8016394264156971, 0.7030908709214225, 0.49820429525883586, 0.04045851190658978, 0.5508754747916481, 0.7151811165930094, 0.6237245203717382, 0.06068997561270573, 0.19333633136267744, 0.2241138437090022, 0.3258431866349621, 0.19450076739705732, 0.2923732177231444, 0.4241283090422665, 0.7340026235573501, 0.5960804756465903, 0.0957734743579135, 0.6703286527027313, 0.2431750333741918, 0.9140599232412755, 0.5663821845880311, 0.022954826914799775, 0.4333185666077064
Neuron 24
Weights: -0.8059856707387015, 2.7660677275486267, 0.6002176658017068, 0.5946820284316744, 1.0625697731460428, 1.0642173610482886, 0.4622067710919752, 1.5955896611914202, 1.1000486299440964, 2.277680995715784, 0.6007158289918556, 0.5511667909429535, -0.8069387174835053, -0.7453251040590726, -0.20385769317241384, 0.3187261951803297, 1.30547228523719, 0.6218584464713395, 1.3244836389172179, 0.29939883146701113, -1.9783582755961078, -2.3248071139495443, 1.2344168229630539, 1.193421719163272, 1.1114336042111945, 1.4039141428878545, 1.2456216222386374
Neuron 25
Weights: 0.8090272213344792, 0.8897304876255135, 0.37883325212349866, 0.5049721422397178, 0.2723399607705601, 0.13121886393593363, 0.8333792288674661, 0.15721409169594022, 0.5048391100249132, 0.8574884325263651, 0.17062496489204348, 0.420254527268277, 0.11862529862799798, 0.67114241981122, 0.8871821928339702, 0.5554024285258997, 0.3962265869155272, 0.9712509341420362, 0.3431464091137118, 0.33422398969578054, 0.7034284218451788, 0.08286741339215442, 0.3611016865397834, 0.32408626166396953, 0.901078531123746, 0.6543874919721411, 0.6248358777690041
Neuron 26
Weights: -3.571233162354736, -1.735193919668498, 3.3755218754406693, 0.1859096638443924, 3.6339197481142738, 0.7131124255747379, -2.0696282970044786, 1.6180813868985857, 1.2936308778658108, -0.9941904913339155, 3.0545807600321147, 2.6827654719699217, -5.222034566979102, -1.7398967309513866, 1.340941865617583, 2.979774315665119, 3.1698434279509025, 2.1997995550001717, 2.6824387393438243, 2.9976902116395574, -1.6938123912336251, 0.18477877875455664, 2.704863283679861, 2.8151976700074903, 3.3025462641694685, 2.7073665819840493, -3.459212516703801

Layer 1: 
Neuron 0
Weights: 2.0330444881821257, 0.35675808349513355, 0.7564428082466575, 0.04081142423420835, 0.7511200621967361, 0.49582119046566603, 3.3873809561276005, 2.2383414336912284, 0.2902742591192116, 0.11524242776954396, 0.1942505352494726, 0.8352813864220614, 16.016631412546268, 2.1700577329466015, 0.2060645918667163, 0.3206026933765727, 0.34479795967460575, 0.31990035673600176, 0.30538697044469637, 0.764683585999948, 0.8191239366503777, -0.5671606299490153, 0.17007143889620976, 0.40212003753599385, 0.025239115983710324, 0.4191750551155344, 2.2480290988933573
Neuron 1
Weights: 1.7160625944803765, 0.35305644632681327, 0.7996934804129833, 0.24116768587723783, 0.20638710425019616, 0.15223721560301887, 3.220008399472327, 1.773164643057804, 0.9830638744398151, -0.741133376750111, 0.07246739632668243, 0.2827212403340293, 15.762399790982693, 1.978203164324825, 0.9249579282183581, 0.16832472428494652, 0.02236228456457919, 0.4563720086259912, 0.4973699644342518, 0.5490743236205617, 0.74293356937655, -0.8338450932131641, 0.00401624733340314, 0.16304264046204087, 0.7599043397966769, 0.8574036594182498, 2.415151185253928
Neuron 2
Weights: 2.1443833416099927, 0.26184482842898965, 0.6487956765518818, 0.5714957286178831, 0.80167812551609, 0.5657297542740546, 2.7682147102686834, 1.745130842293012, 0.8775111586703525, -0.4196138879862597, 0.17232490885210067, 0.8180459827606945, 15.354005730973364, 2.058984238228574, 0.337203657147424, 0.19494544006045503, 0.9460298151414307, 0.9257375505238279, 0.8267561254157098, 0.6163821970872141, 0.7419552286420499, -0.15980411800900954, 0.3466175212205532, 0.656142019396803, 0.4527517701396017, 0.6238292349850517, 2.4995252157408765
Neuron 3
Weights: 2.117477089224662, 0.37996545775989427, 0.08572794621222671, 0.3623477418314241, 0.885008815097721, 0.7173052118174932, 2.9507474093571595, 1.9378500623496324, 0.8575512051751176, -0.277307832427122, 0.40264774458063096, 0.13563581103080222, 15.632790967173941, 2.3881157038020353, 0.6520138309220719, 0.6554608512210887, 0.902669843691141, 0.5670216927083314, 0.8395362073812919, 0.7190176554741169, 0.7974294264871913, -0.7043839912451443, 0.022153557368982123, 0.48757949379763227, 0.12811454302693517, 0.1542156860689545, 2.583771426864511
Neuron 4
Weights: 2.4570084510245005, 0.588034332358092, 0.8253471610178795, 0.1524141840943294, 0.23728834113896172, 0.6887948989703407, 3.320229277856839, 2.62449703835653, 0.7156135294097864, 0.0895835206688795, 0.05294077218253642, 0.8342033462454157, 15.92118633404723, 1.7798123602895477, 0.4872422336812548, 0.21064492313337393, 0.22122302506175687, 0.3685480030949947, 0.3802565316141912, 0.17432348713527243, 1.530220483568822, -0.2782510515162504, 0.23256874242028078, 0.5016408042718716, 0.4498085330234091, 0.2590194964340286, 2.0469586494671814
Neuron 5
Weights: 1.676255827496003, 0.6406544283849293, 0.24309278496812542, 0.8865579181184479, 0.44768240522237995, 0.4664372706900644, 3.1711325229132363, 2.640492036052961, 0.2453288778039651, -0.39358571242728024, 0.29554109824400104, 0.49080296246992916, 16.001238891879545, 1.6579659776498166, 0.8085707023940357, 0.2775776435150065, 0.5820793760324088, 0.8172638500628355, 0.2352047657520586, 0.01648705027605721, 1.1694090860414188, -0.2627635504857686, 0.6250724829701937, 0.6986053617396516, 0.9984736791071117, 0.5061343059586062, 1.8377474110478385
Neuron 6
Weights: 2.440868557333631, -0.1641495690239633, 0.23493586245396164, 0.5652990829589974, 0.1555645401181811, 0.6507555734783989, 2.7911506601557505, 2.364170881600969, 0.9834903913748015, -0.32273113618231053, 0.15861153979490888, 0.5151317894276987, 16.038910631950408, 2.225531915319286, 0.1828948286894367, 0.4441154337451521, 0.8101717251812875, 0.2526715722835929, 0.9956145799847377, 0.45497739416176913, 0.5967552253976308, -0.9488309499677238, 0.7305705818907006, 0.11180407795141144, 0.08320021928888634, 0.34245783671260804, 1.8717556566765825
Neuron 7
Weights: 2.0078338086459495, 0.5188419925831983, 0.444412195013407, 0.6961827119959462, 0.9690202801294802, 0.1952400435767711, 2.816640212871839, 2.426134256972879, 0.777451068970933, -0.4459519743609662, 0.5654680139830753, 0.5255484863162857, 15.514267951143347, 2.0673180465606635, 0.8564861262752855, 0.5127602128800655, 0.8783957797321712, 0.0833632668866361, 0.5520747831013935, 0.4534688923524192, 1.085251110909509, -0.6732896787493742, 0.2969945461668284, 0.4078465241976383, 0.6301870428889792, 0.5691725780325186, 2.3380930828958832
Neuron 8
Weights: 1.7785629751117287, 0.2808853000222509, 0.01839151497080379, 0.5730709023825932, 0.8409129884543659, 0.34676940765804953, 3.003883224900026, 2.3108286205777016, 0.5468495904537293, 0.12533065796119677, 0.9670373643027872, 0.6319674824434826, 15.23259953235833, 2.1954350445075144, 0.025937371140604487, 0.5114559889067551, 0.3896350179470071, 0.989749125048031, 0.40385448237786764, 0.7430676157371431, 0.9300763251977402, -0.9652326940345622, 0.3143747403466093, 0.6511722513250767, 0.8316244414853823, 0.28636028646608574, 2.1075206599035914
Neuron 9
Weights: 1.834266165991973, 0.6500132756399161, 0.9790182335148578, 0.588558192085758, 0.854969954192364, 0.34427278112050297, 3.151588995759564, 2.057197105223494, 0.6877812775301749, -0.2646516388320729, 0.8996603906903047, 0.419379716960279, 15.109678366988357, 2.4622370563561224, 0.880093689062157, 0.14573129499200368, 0.3347055016651987, 0.5853074032826048, 0.572136933649787, 0.6267750080746668, 0.8009103098526464, -0.7837475195917346, 0.8145913871992262, 0.0694298313601247, 0.5579643818080416, 0.6170000075042675, 1.8108433924843783
Neuron 10
Weights: 1.7365491892529046, 0.1426265994728547, 0.9735949559948878, 0.11184141919088032, 0.1500402056823973, 0.37244796164579064, 3.3191343655347865, 2.684052398108921, 0.6730986897300956, -0.3006917263737293, 0.24062003192890963, 0.6848557927479566, 15.909340969503655, 2.393927466953712, 0.5033904040594244, 0.4506502679929148, 0.8710873167123033, 0.9539386370674598, 0.4791526262055144, 0.18991413398831156, 0.6247269862671164, -0.056170703250657025, 0.8021166137653625, 0.4288144475573867, 0.5594945592002464, 0.8738701714293974, 2.6235107872124623
Neuron 11
Weights: 1.6251359885874268, 0.5132525095649395, 0.5747789454572086, 0.17646326964135464, 0.6460212618490777, 0.9305518104913528, 2.6288688682007235, 1.7336245560800168, 0.8109453134391565, -0.4121283930081337, 0.16515513468484105, 0.07876940889102237, 15.184532766254415, 1.9489284912356486, 0.16062547996418616, 0.7698693570507869, 0.02923518367351981, 0.9828283592849736, 0.22817811338375457, 0.48153186820160226, 1.5445002670294874, -0.5080097470087026, 0.246149034187736, 0.043492189528103346, 0.6684010646134457, 0.5440218024326472, 2.7160656769543006
Neuron 12
Weights: 1.6834589262479933, -0.23410369296379577, 0.34979222620974965, 0.4129054654499878, 0.5357708880565992, 0.6805076836939661, 2.682387992537535, 2.3484680088242835, 0.5066935961065607, -0.553234630811996, 0.0767970543431087, 0.9432683855173092, 15.343804500929076, 1.6997023517441723, 0.03333901597983324, 0.044550364859338165, 0.505764301390786, 0.5484953132902819, 0.1845920151092366, 0.7743606762523659, 0.9188227824062698, -0.39355378351460896, 0.4084240502888489, 0.6063524661181493, 0.3791815757948657, 0.8776847407494873, 1.7998888386122178
Neuron 13
Weights: 1.7975392384266722, 0.18197667544560744, 0.1599765793452837, 0.24082524172848288, 0.4403141765640028, 0.7336958578571242, 3.336398506278364, 2.66076698265477, 0.7653578773168571, -0.0011505218406354539, 0.7847402738625648, 0.6060057463776621, 15.168616376499665, 2.3940786710848903, 0.5776013514168553, 0.8742796682595413, 0.020316412332665516, 0.2471414915555024, 0.09382224606239546, 0.4673384106013995, 1.3899741433595858, -0.6132504862571764, 0.6456845152121626, 0.42680164475090704, 0.830064124632318, 0.7108526496532607, 2.367402607034253
Neuron 14
Weights: 2.494717319212037, 0.2685945595845379, 0.5634108513321001, 0.8974484638589156, 0.07775778371013387, 0.07282301267620407, 3.236505805122796, 1.952953636563919, 0.5077374897576074, 0.026289134654901125, 0.2941817087592447, 0.37860877640993185, 15.33213191874196, 2.059643141670842, 0.1319502946268207, 0.10404547785231757, 0.601500546399693, 0.16594284485979988, 0.15700366683047065, 0.3994036806164033, 0.595142773998203, -0.7844379506152338, 0.7314111528315882, 0.34288943632724883, 0.5834645613775823, 0.25341504767666007, 2.1851027489075134
Neuron 15
Weights: 1.751055798282454, 0.0315493603333515, 0.1795811187160987, 0.7658963937157709, 0.07100871527720204, 0.3088536080485384, 3.2871645522845583, 1.9829686686575274, 0.7084227708825511, 0.04832582568308976, 0.3466989478798453, 0.057780103627811476, 15.217184905820142, 2.5449892066836233, 0.22988861521098578, 0.5714699176960998, 0.970645317419503, 0.07265782240166592, 0.3725256974773809, 0.6268893851984123, 1.1198180608908417, -0.06963431536161506, 0.2195910917772775, 0.3909839856416018, 0.26196028993081116, 0.2960854989440059, 1.7960122239165581
Neuron 16
Weights: 1.9935977780848506, 0.25991227343480033, 0.43213240551695087, 0.692942247187868, 0.5306822542732013, 0.2739447507296631, 3.2578355757673947, 2.684504720866691, 0.16801017700435186, -0.14282344503606706, 0.16897262951064623, 0.5334981165345943, 15.316868069103487, 1.673302808785572, 0.6853821249755246, 0.7554941331175147, 0.8207972099753992, 0.09494366159481506, 0.9636535648537133, 0.9258571506078114, 0.8012557207240378, -0.1652323575458712, 0.9534013435073329, 0.9976891841360935, 0.7015971706982429, 0.7384814119823974, 2.6245306147345553
Neuron 17
Weights: 2.2950070077202094, 0.10915212899475998, 0.7965313684109901, 0.23773304677055876, 0.4533026889313975, 0.33000119342083395, 3.113489288106539, 2.7039673157448187, 0.4136964780048133, 0.003781435533792549, 0.39894277555159846, 0.3206661009694952, 15.888199576842249, 2.0269836679978988, 0.9565697181745757, 0.03178974002659085, 0.7671402455982751, 0.77620463708799, 0.06449715923107656, 0.5723764842316863, 1.4845444567220285, -0.7098999984859381, 0.5925896774325572, 0.8901544403696342, 0.8347251446912917, 0.5691592582079056, 2.3121516508755158
Neuron 18
Weights: 2.3315200018037467, 0.10966055811025263, 0.3536147360369674, 0.6092947707951862, 0.33546932627748566, 0.907483012458081, 3.4453614141366984, 1.8476770952678516, 0.6115650883523721, 0.1110900261268487, 0.23804976512309445, 0.07924368936127259, 15.237766386890451, 2.1029423260953686, 0.05581031091234999, 0.62191574267237, 0.06592337250903912, 0.3410579816134024, 0.09092711495626597, 0.9476411232276619, 1.0159135414365914, -0.8255690205282266, 0.7067597227726873, 0.8170733465636968, 0.7152963760552702, 0.11241513213033394, 2.255489334504346
Neuron 19
Weights: 1.9028215912671977, 0.46612786755090196, 0.5497429663425466, 0.33947016748117514, 0.3604354456754319, 0.8997538526253923, 2.990351414641207, 2.252859090425527, 0.7497193261419327, -0.5224700238563071, 0.4974085744528463, 0.8165579500883531, 15.629656496193684, 1.9609056695687639, 0.8691705785814782, 0.41325670443073764, 0.3131321611712247, 0.18169200345424832, 0.8160929098446846, 0.4772706546448979, 1.4217593317352024, -0.9050102927827167, 0.7265405730377775, 0.4601544096672833, 0.46794751158990405, 0.08200391604162217, 2.07765564255154
Neuron 20
Weights: 1.6221905084335861, -0.32294307838981695, 0.6555383483309897, 0.1630828137112115, 0.9905073651426256, 0.8525961222434753, 2.9109008921975708, 2.2030834460116178, 0.29145137492563583, -0.15451345800115374, 0.6476136384180515, 0.714867479468891, 15.858959594360693, 1.8648455333286695, 0.5079912111729221, 0.7006639978252476, 0.7070268522279616, 0.5360585210520903, 0.6528852950270065, 0.49489320681253063, 0.8819128096318705, -0.5254944967368369, 0.9552500499224484, 0.4640303142316053, 0.32000811298268433, 0.08899451022409366, 2.059835022974478
Neuron 21
Weights: 2.4178038245357962, -0.3035803027931224, 0.22545833724837688, 0.920891860243983, 0.6669654978347054, 0.3628865687058255, 2.9123479144774542, 2.22204819014194, 0.9656769120109815, 0.0051421722862342875, 0.26275371374082584, 0.04323862466135251, 15.35661588174832, 1.849703764192061, 0.9698957073969526, 0.7177119843195017, 0.4591923093291178, 0.19182632485771936, 0.7177926968309268, 0.7544124632228001, 0.7547506615378248, -0.09760943075959756, 0.7502176600233182, 0.45169889751337683, 0.3688487789328205, 0.29061941799173147, 2.419633932815169
Neuron 22
Weights: 1.6418548753941233, -0.3042202054634552, 0.11945851894253048, 0.76232479527547, 0.9808750654377764, 0.1599942402631597, 3.494771160983781, 2.6491335060867907, 0.14925802586766804, 0.026520075350743688, 0.16653305074427577, 0.48290512953103104, 15.508032324063487, 2.208281665931898, 0.9352591460192715, 0.202787280060487, 0.42496542718836683, 0.5459119685804901, 0.26550331836440283, 0.24876469995645242, 1.3978312694733999, -0.7423769100856538, 0.4030034261708499, 0.6014045132022453, 0.6962609634257266, 0.06176158762155315, 1.8940715133342134
Neuron 23
Weights: 2.286216507755662, 0.48721751736991736, 0.7305540830738423, 0.40378326058050235, 0.9180027430809342, 0.5070610351995045, 3.3438010063212786, 1.7561631017639672, 0.7727522827759888, -0.1409488698155679, 0.6642489168759811, 0.8146730522944139, 15.764072192624889, 2.1993724654462405, 0.2973559684090009, 0.6338169431451781, 0.8328050067782332, 0.5009013006164678, 0.5427109570745487, 0.979326229390436, 1.3813473904271534, -0.045661845978519564, 0.625036579268113, 0.29943414785088635, 0.9397708001335597, 0.26983143995763575, 1.9306708265113481
Neuron 24
Weights: 1.7776090657968129, 0.20529814509525499, 0.5465331489065273, 0.9593135695764935, 0.3065253305079922, 0.15555498531494108, 2.78621712735303, 2.5634044408000487, 0.9086699949793385, -0.33717037865702715, 0.42850132461033225, 0.3285475395241494, 15.541854907840724, 1.681755044338495, 0.4246364314876086, 0.09683941757613239, 0.633001898852205, 0.7198938483261939, 0.2598068961577466, 0.387549497921147, 0.8298698119857482, -0.8679476129993203, 0.5129980695934255, 0.29057863727800587, 0.7894159091525748, 0.6935878863433965, 2.629883813981531
Neuron 25
Weights: 2.5419252248474615, 0.299375079189942, 0.7732256605458924, 0.5665199481298755, 0.03573102567492923, 0.8619420780756404, 3.045530649380428, 2.472644740690256, 0.7990384107833418, -0.3813043635686345, 0.4455257797138828, 0.2628755082864657, 15.704197800218902, 1.9145190015582618, 0.4183083452777641, 0.220968095025924, 0.1849006613320057, 0.9587772195044681, 0.37043670020015335, 0.43333623485610023, 0.7040519344595848, -0.8532052488220506, 0.11990398677609146, 0.31744253656125604, 0.1366563790436929, 0.5425508063037937, 2.6888555652530424
Neuron 26
Weights: 2.0429128864680535, 0.5447228343075631, 0.662201658569951, -0.023526970685180146, 0.3370079476030154, 0.23942823257426632, 2.8411035383488255, 2.3214030504697116, 0.8360802506418307, 0.11197602133104911, 0.5027951084947749, 0.35353324744404546, 16.041892286403275, 1.7191351284637126, 0.02219532445148811, 0.29273327453440473, 0.33114360171465357, 0.6058903948086013, 0.5026305046851547, 0.7141467199207191, 1.0972310074756533, -0.9616449328893731, 0.1997868996922115, 0.22997190764805842, 0.41666505150096594, 0.5939077203052011, 2.1464618812684924

Layer 2: 
Neuron 0
Weights: -9.957898909867682, 0.2211986333011858, 0.023828407340043444, 0.0884598379928673, 9.003533189939944, 0.3511356521941602, 5.776585829269439, -2.5888474465688245, 9.573103225799212, -0.2902974568730793, -7.106460214775716, -18.40712421317612, -0.14786232634106242, 14.3839625017102, -20.36687333231354, 0.45248234297821993, -0.044636383131292076, 4.186981098852954, 9.18287787856845, 3.8964138337259153, -6.502818360646697, 0.15440170545219484, 0.1952510800690588, -0.3226026961946247, 0.5185792805363773, -0.39340975895396246
Neuron 1
Weights: -11.12469770319781, -0.18014104552590432, -0.7946141738739072, 0.05957383583574121, 8.086954117444542, -0.1539991377485001, 6.946761602827755, -5.8452052573980415, 4.261455760673754, -0.5972954557438538, 3.269664316609891, 8.758485532235394, -0.443386273206201, 7.439343748968617, 9.588136087050499, 0.04417312619440798, -0.15083736903709707, 10.353979701914723, -15.090516274842555, -10.727789762466118, -1.2589743573388419, -0.2866171747874274, -0.2497377767610842, 0.08630770755701313, -0.19676282169674822, -0.3576320320620079
Neuron 2
Weights: -1.0331352651306032, -0.6367722400664609, -0.34462308555015786, -0.5437404255059647, -0.9059057226612586, -0.22299960743188815, -1.8605037888922122, -0.2545252674424279, -1.7014164190075474, -0.6052631594411771, -1.1729984519933383, -1.1372556070391797, -0.4811298243353769, -1.775510558574624, -0.32045361550540946, -0.7612024885523156, -0.6540559692083247, -0.8203000979476067, -1.4415180118730915, 0.05170380643542367, -0.7031542003801744, -0.08199382435320998, -0.4967016077041805, -0.688185288185922, -0.2529137769451217, -0.3118681301629846
Neuron 3
Weights: -0.021051149638275955, -0.4616199208717397, -1.0789625653158244, 0.1874946934758299, 0.5707822471502585, -0.037904667428173056, -0.934108216177931, -3.635719922092283, -1.5147116487050158, -0.8276811681480458, -0.5134341727856736, 0.2563216419402391, 0.16268886795892554, -1.39540912782955, -2.1708691405251552, -0.6975180793064538, -0.035899855693676146, -0.047723732188127956, 1.6396609865388228, 0.1557122297674789, 0.145352780091736, -0.4902529420557044, -0.40147735026576037, -0.6122072135166993, -0.42733469079464115, -0.6153091859015729
Neuron 4
Weights: -1.3805226693985961, -0.5031941594296087, -0.3266026539251215, -0.08995850363210826, -0.8458092441103532, -0.982898197884877, -1.8593798267233868, -0.10537472582965639, -1.7990702133775176, -1.000947109446838, -1.2819279253091538, -1.0618924180104838, -0.2515370293038412, -1.558617308299963, 0.03576488012177006, -0.06782126804329358, -0.4479213493093062, -0.9179202189979703, -1.4858994342187033, -0.2677623794781611, -1.3756948681704806, -0.8326143424966882, -0.4889446891132826, -0.5925032457191851, -0.5365041064456019, -0.5034717681181413
Neuron 5
Weights: -0.40260790250108464, 0.1621630439340262, -0.3947557051281099, -0.6344709753974181, -2.2774282193194724, -0.04137382695481336, -1.255194989029696, 0.15070757186012676, -1.0429319434307245, -0.37265431429146423, -0.16898179495584637, 0.23027214024565096, -0.15907243960303766, -0.871520434571205, 0.003867425137119099, -0.6025282232160095, 0.25181061232917806, -0.22861818041771187, 0.40540337764959966, -1.0322217586242814, -0.2524902702737287, -0.4131329362963407, -0.37718915501766714, -0.6181002029386192, -0.7125416115030845, -0.12092271199602524
Neuron 6
Weights: 2.154631495806215, -0.2882043679758863, -0.7680237550326617, -0.10833366408992742, 12.314995659671643, -0.13427514114609365, 6.7970078760119526, -2.7333002433489892, -7.391395096964085, -0.7705600708916027, -14.158129725421643, 1.843547390828698, -0.4567882460938181, -6.1907246119922315, 0.1469332479080378, 0.12000004692875389, -0.38333793811342687, -10.904681712381905, 1.578736920935114, 0.5395769708318073, 11.426787466869301, -0.8400578556299216, -0.3289770868185924, -0.21236746535352796, -0.07245469275554216, -0.4721857584086404
Neuron 7
Weights: 1.1899851605067884, -0.15090489623332876, -0.5261905517238763, -0.47538440722529, 1.0876777722217237, -0.3830179178693422, -0.6989308497473036, 0.3055557591194878, -0.25740678540917156, -0.6324065362419812, -0.062494278029451185, 0.061343411038612, -0.7500526440010112, 0.8672273969131518, 1.9113012651125607, -0.6872130310180201, -0.5836327596144317, 0.028357984132484405, 3.180138996650331, -10.637492644656708, -0.07590713393241681, -0.3844695088910726, -0.6607415277322518, 0.033839282985468934, 0.013771429203334096, 0.007517514543620626
Neuron 8
Weights: 0.2894499206165682, -0.40741545488217973, -0.7471967284732732, -0.8015166695806121, -2.158705185190116, -0.3582027996989054, -1.6515830604593666, 0.12596979847091294, -0.7871971724768446, -0.2776388852085134, -0.9207271601425874, -0.26068338004801034, -0.27649888969082187, -1.0095151724793305, -0.21344683177964469, -0.010870433383431249, -0.5597518646040197, -0.24845191166262195, -0.603404179378407, -1.0195120622220246, -0.4872474868620875, -0.02599805096177557, 0.0223670397421438, -0.6759541360696927, -0.22697319248689687, -0.2852843446998465
Neuron 9
Weights: -0.40316290681257544, -0.7002464673601683, -0.6302096206671249, -0.6651594239453134, -9.726915285648088, -0.045617339670021385, 7.906421200247168, -0.8955357969310686, 5.828781750232609, -0.21821171841304499, -9.604630541756725, -9.13837487809895, 0.13990840686500658, -10.557462017505722, 10.878244727861292, -0.04106164913079396, -0.0017478195743889193, -0.6650364132090687, -8.557920455497209, 9.813243354646714, -1.1688727981024747, -0.8429284939051189, -0.5269799342629121, -0.03083946751695179, 0.049024625430118506, -0.5024377173408942
Neuron 10
Weights: -1.2277215113748594, -0.13532808793170006, -0.12277837203771383, -0.07354985750312604, -0.6490893641498744, -0.212485063561416, -1.672757240830982, 0.44344103366035553, -1.3560370376854554, -0.5293067168074744, -0.3559931170711632, -0.5443284694599333, -0.08849039185517314, -1.560727817453788, -0.6406078042777666, -0.12485893001434477, -0.5911898796360298, -1.3494893911411658, -1.5876873162494665, -0.6788222263469039, -0.3615199238504399, -0.2209819992552541, -0.36932329346893356, -0.060788784680018755, -0.36114682533652015, -0.5702747712821091
Neuron 11
Weights: -0.27198621145353225, -0.4806855530924304, -0.7692648809344291, -0.7645720682765804, -0.15597649731738997, -0.7410562502279122, -1.398891413226858, 0.21224856127977496, -1.2786454320206275, -0.36623732890463534, -0.6218925894003454, -0.743015437942267, -0.3355366437790429, -1.0728825135270024, -0.2602536106101193, -0.7218360856473689, -0.6091956918208948, -0.5400045758628573, -0.2768669904327972, -0.947041500109972, -0.8481846745092849, -0.29488812635367223, -0.5749826142065279, 0.0027237248148010698, -0.4716222696576911, -0.579423478207708
Neuron 12
Weights: 2.6610458672244692, -0.42618404785286595, -0.011204791427792881, -0.24915614224868116, 1.4083281298724908, 0.304219221125073, 5.104755389667986, -4.936692895036428, 5.031635007716269, -0.7300846197447578, 10.778409506641205, 4.604687398788065, -0.453387947182284, 10.374485059669508, 6.667864363132325, 0.39128197771648704, -0.5670539656100936, -19.765731263745632, -1.6056555475338288, 6.803472346850094, -13.962227717282435, -0.20259083237530215, 0.11632262828990696, 0.3286761048714056, 0.26775025487211584, -0.07683743617922019
Neuron 13
Weights: 4.587080792029297, -0.18140438842190393, -0.31229913678645355, -0.2290719394517244, -5.875360577623616, -0.5796286020830017, -0.9864201101302256, -0.5901391669918256, -0.979220981930227, -0.7878416326834462, -0.3266640080883619, 1.3385639470801338, -0.6051490969056682, -0.8086232969311096, -5.609656442252662, -0.38756797313418023, -0.5290783085404805, 4.4218600723131845, 1.6316855295175894, 1.299317879086374, 4.356591636262706, -0.5270289551308537, -0.035249060951883675, -0.1930254988301499, -0.0939442867117848, 0.13079131303021319
Neuron 14
Weights: -0.033529454080814154, -0.22495427505180396, -0.2590633509175189, -0.6662071955901672, -0.5337951793549182, -0.1767220407889454, -1.274528785719727, -0.04960999278665712, -1.4789413885901974, -0.7724226116302576, -0.36333592180326535, -0.4339044094515939, -0.49955567742997703, -1.1639106499004008, -2.4190607630922956, -0.38747291869910816, -0.20134762957040048, -0.1050941291960059, -1.009148921586225, 0.5946946293358931, -0.38777603162032104, -0.4312328500902128, -0.6391101893837717, 0.13377275165473804, -0.3523749784642362, -0.5942104080821026
Neuron 15
Weights: -0.9569865453743336, 0.13173326041226324, -0.7787734908894661, -0.2725394219022129, 8.0663570318571E-4, -1.057286824829457, -1.9138980604460663, 0.6501598682422713, -1.7691001824805286, -1.0554032420627544, -0.9449956304280729, -1.2783068853886081, -0.16124127991251067, -1.658263173740114, -0.9800493242078075, -0.2405644482748411, -0.6245549851419805, -1.1220755521531542, -1.4456409295238133, -1.008705614067011, -0.9745449014416058, -0.7576372086401456, -0.3622649251615288, -0.3136212310945807, -0.29123788704095954, -0.19417905578758768
Neuron 16
Weights: -0.9919186816189088, -0.12531579776438936, -0.7335276384751143, -0.35719394232560925, -1.0173807891089515, -0.27459521869958153, -1.5742799405686296, 0.22685389320712715, -1.1548274576662068, -0.40972196767265234, -0.6392434593236941, -0.94678141951028, -0.36126497434177735, -1.4419938009111577, -0.030088827744905202, -0.16770829413228253, -0.7542393454285611, -0.7526479644640494, -1.1389476697425576, -0.3217998191843893, -1.2582838333114015, -0.16231735422292923, -0.568385696422286, -0.14049454741923934, -0.32557998174297975, -0.24614622496462385
Neuron 17
Weights: -0.42028680985531625, 0.0342150497695549, -0.7887348373497882, -0.36599426931404505, -0.5878064891404055, -0.6631473880486544, -1.540307745137975, 0.9397345847738423, -1.0030996086598696, -0.9417155368311544, -1.0273649922311499, -0.4935588458053117, -0.7153430189065618, -1.4414114698624572, -1.426131030225727, -0.8264586041532758, -0.3952175379249486, -0.20635724516598147, -0.5000702245111796, -0.335121006973603, -0.3203581804873316, -0.3639667799520156, -0.30581793517419975, -0.2918150840891706, -0.37673697278484963, -0.14725279382474563
Neuron 18
Weights: -0.08610164392030946, -0.4542764673769693, -0.4983185986688016, -0.21018471211673576, -0.7164004823747634, -0.7681197002330337, -1.9355102622132072, -0.27742412564320695, -1.1224791427646903, -0.2324836175662206, -0.9802727301673857, -1.2834924935105794, -0.10929923113640717, -1.1774582694278377, 0.6680352626932027, -0.15456461579692654, -0.2022533867851814, -0.49945016861362346, -0.6958534335259027, -0.6158886363187651, -0.42497455932368433, -0.40206449758612123, -0.6065629092906093, -0.6658383531945449, -0.9756715331340612, -0.35471615461209616
Neuron 19
Weights: -0.9541525361585962, -0.624919276149372, -0.35885168141006396, -0.748257300481806, -1.0202140018555175, -0.13970222014100675, -1.4002746471853647, 0.6195433724400511, -1.6584969950838926, -0.17310655108837783, -0.643178512074347, -0.8052901830016712, -0.6291269908457721, -1.7692592972522867, -1.1928546963596343, -0.41912811831632213, -0.3730312438571229, -1.0130311943827486, -1.1888401863603824, 0.2117719955314769, -0.6177991085476459, -0.8595912900541457, -0.2699357949979148, -0.6929555768697799, -0.6586723790825405, -0.8772727689208262
Neuron 20
Weights: 6.874885998995402, -0.2828303034824646, -0.10209283845502479, -0.18710316740084135, -8.500488519795768, 0.15040065538244354, 0.8312157014507705, 4.763135348624618, 0.23895222640899916, -0.3284655273786032, 3.4368369555213727, 2.9676609062144688, -0.19629431763310753, -0.15387019749520323, -9.179505988774677, -0.5006734847819506, -0.4781360198899219, 5.447969074769635, 1.3446355933230782, 0.6126832889113534, 2.1493889555173804, -0.12449815542798677, -0.18017837066416797, -0.5108939963169765, -0.48467845762529027, 0.29076799400465764
Neuron 21
Weights: 0.19012378772941746, -0.6003204668958124, -0.5862572713745399, -0.45302831950961414, 2.4769273500303086, -0.46437439474905506, -6.98794308079662, -0.6950710204583009, 6.9828116183275375, 0.008784167934343218, 1.0984379069074053, 2.353594417604299, -0.023525382473936617, -0.2590204798581921, -8.840841841066409, -0.6342774141810893, -0.32516368252721645, 4.50399569618695, -0.3232319153942221, 1.8267094611620263, -6.23398343838862, -0.2980295726679502, 0.20319901941184773, -0.18202770620047246, -0.7529370193914652, 0.23527936089048548
Neuron 22
Weights: -0.1315120293163113, -0.6471797894563142, -0.6208000534027965, -0.6897954658789206, -1.1525034497180784, -0.47407913366684096, -1.6562729431476986, -0.16294481819909004, -1.4150324317701215, -0.35996589702252263, -0.5536276212799114, -0.9782442479667852, -0.3411494018485931, -1.8126985894508605, -0.018683459150458992, -0.47816153868796807, 0.07490304361025943, -0.9211130899920136, -0.5114097262430803, 0.06778660661557745, -0.7316503916992405, -0.038280189361607285, -0.631961010058994, 0.11405191281471003, -0.32420622719493347, -0.7003312690825149
Neuron 23
Weights: -0.8910277912638621, -0.4958701734289362, -0.5693664515285307, -0.2689123353339707, -0.21364414730586395, -0.20749540199589883, -0.9384498507314735, 0.12278729202556662, -1.2909323381809885, -0.9919956409107596, -0.37389019904686954, -0.5391934551970421, -0.6722905886934292, -1.4739766238814538, -0.0664597054260256, -0.13064838047312718, -0.3244950187841687, -0.9597987915053013, -0.8165399578376801, -1.1354997476056585, -0.21782139954331056, -0.9062786655154559, -0.6412638539044063, -0.6310137775773168, -0.21846060555038946, -0.5170741650582117
Neuron 24
Weights: -1.0900719394770384, -0.8128632492653189, -0.7675279765220189, -0.6698603089008998, -0.5105324503735925, -0.48926311901986913, -1.2853217859329558, 0.3196800059312073, -1.203463534719037, -0.33390209370736906, -0.9162580483524448, -1.3252480608261616, -0.5017599877716961, -1.8141452026706855, -0.3405304455714498, -0.6104896398512576, -0.5793591690689537, -0.5519697085064932, -1.3560640218347295, -0.33197432207193167, -1.0601406153340425, -0.8664896542825772, -0.5006614337786763, -0.47290952032228095, -0.9524307977555991, -0.5773344333179015
Neuron 25
Weights: -0.2432740359789915, -0.6885096525701938, -1.0254266708414705, -0.061099164332564716, -0.5098196680886945, -0.2617776869616312, -1.7003560553513932, -0.4416638603490148, -0.9884951570922779, -0.9117790854429988, -0.4260455336487473, -0.22994607617476043, -0.16794122320290922, -1.2864117189058188, 0.2839884226831864, -0.1317092264885483, -0.18669353304303865, -1.3681918846813494, -0.7968659289905508, -0.08617879902140976, -1.0428973584931205, -0.8312158232772006, -0.21193780516230665, -0.803683497281014, -0.40675386489934795, -0.6895433350585299
Neuron 26
Weights: -0.9891344044018835, 0.11664251827649776, -0.0471027920137954, 0.16223715928827082, 0.3663105177056308, -0.3435183473865262, -0.2751070110426021, -4.6944743317398885, -0.07234796532029063, -0.8848070141897885, 3.6419885865150703, -10.499491653071889, 0.11894101345269174, 0.4410057517444662, 9.52313735522226, -0.45691690179965144, -0.560548661222155, 0.41343457646250464, 4.9105869175501775, -1.1344855996981507, 4.495515017913344, 0.07365241947664454, 0.23796591236756362, -0.509354564226005, 0.21560147926828913, -0.4264942308567147
Neuron 27
Weights: -1.798533092757676, -0.8060655882583633, -0.5955352412370412, -0.19401385922242928, -0.6764019389812682, -0.2019514776356232, -1.5428797895785522, -8.040313771457754E-4, -1.0411926221888954, -0.6913071428689758, -1.1510152422450606, -2.013008008658578, -0.9532424308834996, -2.041578172504456, -0.064459339988428, -0.7487224630939062, -0.28692652146061504, -1.2904614135143169, -2.064119418090162, 0.38666347790728917, -1.6661519155989108, -0.18378383514578908, -0.18664323514333217, -0.8485189133288408, -0.13032387279230115, -0.029986129618031397

Error in Network: 0.071%
Created Sentence: hello its me that youre looking for 
BUILD SUCCESSFUL (total time: 8 seconds)
